92,152
19,166
23,49
23,129
27,146
126,129
27,162
38,162
38,167
67,129
67,126
25,126
38,32
25,167
25,166
78,152
78,92
28,126
28,22
27,126
57,22
38,22
89,22
18,22
18,126
18,167
18,162
137,152
137,167
46,167
137,88
137,162
26,166
26,152
153,167
22,126
38,126
93,126
19,167
93,22
13,126
13,129
170,22
79,167
47,167
32,126
36,167
35,88
35,49
91,167
88,167
8,22
8,167
7,22
7,126
7,167
127,126
127,129
18,88
57,166
46,92
22,174
9,22
26,174
9,167
9,162
9,92
79,49
57,92
128,129
155,49
155,167
25,22
78,49
80,174
80,92
70,167
153,22
16,126
34,152
14,22
22,49
145,146
38,49
38,146
22,167
10,22
10,126
10,167
10,146
74,153
160,153
160,152
27,153
5,166
5,88
5,49
5,146
5,162
5,167
5,126
5,22
5,153
5,152
10,153
7,153
