16,270
98,270
13,270
58,270
268,270
22,270
256,270
127,270
138,270
34,260
269,270
66,273
46,273
57,273
179,273
39,273
72,273
165,273
34,256
25,273
77,260
5,273
180,270
18,260
18,270
18,256
240,131
27,131
112,131
26,131
57,131
34,131
230,131
279,131
179,131
254,256
7,131
7,273
34,273
66,131
23,270
27,18
45,131
18,131
18,273
25,131
25,18
35,273
5,18
5,131
19,273
19,131
19,18
45,285
25,285
24,18
131,18
11,273
258,260
9,18
9,131
9,273
9,285
5,285
260,285
24,285
7,285
7,18
281,131
46,18
46,285
12,249
18,285
8,33
9,33
27,33
272,33
19,285
19,33
7,33
142,18
142,131
142,273
11,285
25,33
41,18
41,33
41,273
41,285
282,131
175,18
10,18
10,131
10,273
10,33
10,285
227,298
39,298
93,298
53,298
