55,367
67,367
31,367
535,367
193,367
30,516
124,516
466,516
8,516
214,516
109,516
31,516
13,48
365,48
14,48
453,516
13,516
76,48
55,48
210,516
429,48
110,516
425,516
425,48
100,516
515,516
48,516
503,48
82,516
80,516
77,516
58,48
109,48
106,516
77,48
462,516
425,505
114,505
7,505
30,505
30,48
109,505
351,505
8,505
102,505
506,505
453,505
80,505
6,523
80,523
13,523
518,523
519,523
77,523
16,523
524,523
28,523
109,523
520,523
425,523
7,523
521,523
522,523
120,523
488,523
13,8284
30,8284
74,8284
453,523
112,523
76,523
444,523
112,8284
109,8284
120,8284
27,8284
13,8286
41,8286
493,8286
55,8286
124,8286
10,8286
106,8286
77,8286
462,8286
109,8286
526,8286
112,8286
453,8286
527,8286
78,8286
30,8286
67,8286
82,8286
11,8286
365,8286
103,8286
530,8286
461,8286
371,8286
