248,298
365,298
492,298
74,298
28,298
328,298
296,298
47,298
399,298
250,298
73,298
138,298
340,298
13,27
225,27
20,27
3,27
73,27
24,27
40,27
55,27
47,27
11,27
71,27
71,298
10,27
86,27
14,27
46,27
274,27
493,298
365,27
146,27
52,27
186,27
25,27
243,27
442,27
151,27
35,27
89,27
105,27
446,27
443,27
48,27
72,27
450,27
160,27
5,27
425,27
447,27
74,27
448,27
77,27
157,27
137,27
28,27
15,27
445,27
449,27
112,27
95,27
248,27
210,27
207,27
340,27
165,27
25,54
24,54
4,54
22,54
27,54
105,54
542,54
543,54
56,54
137,54
124,54
57,54
253,54
78,54
26,54
341,54
46,54
225,54
332,54
3,54
41,54
151,54
16,54
70,54
6,54
37,54
7,54
174,54
125,54
544,54
200,54
13,54
18,54
50,54
