27,213
11,218
151,27
220,27
216,218
11,249
3,27
221,27
18,249
20,249
10,249
10,27
10,218
18,218
18,215
20,182
18,213
57,182
222,27
10,215
93,249
93,27
93,218
43,213
89,251
20,218
86,27
138,251
13,213
13,27
13,218
13,215
13,182
46,27
10,251
8,27
8,249
36,251
36,215
22,251
112,218
223,27
41,27
41,249
41,213
41,251
188,213
18,27
18,251
25,27
25,218
25,249
28,251
25,251
28,27
78,251
72,213
19,251
19,249
142,213
54,27
224,27
225,27
7,251
7,249
7,27
7,218
153,27
153,251
54,251
54,215
54,249
24,251
24,27
35,27
39,215
39,251
32,213
126,251
126,27
176,213
195,213
53,213
53,27
5,182
5,249
5,27
5,251
5,218
5,215
189,213
40,251
142,251
142,27
142,249
142,215
16,27
24,213
127,27
127,215
38,251
38,27
49,27
196,213
27,251
26,218
26,215
194,213
197,213
