101,107
114,107
2,107
123,107
109,107
464,8282
301,8282
30,94
101,94
102,94
114,94
123,8282
107,8282
14,94
115,94
103,94
2,8282
16,94
16,107
104,94
105,94
76,107
94,107
124,8282
67,94
116,94
100,107
117,94
118,94
6,8282
106,94
214,8282
107,94
108,94
109,94
10,94
110,94
119,94
111,94
13,94
120,94
163,107
121,94
112,94
191,8282
429,107
28,94
122,94
123,94
113,94
120,8282
72,94
103,476
78,476
475,476
460,476
291,476
14,476
364,476
17,476
100,476
89,476
106,476
109,476
80,476
19,476
110,476
157,476
171,476
425,476
13,476
120,476
478,476
479,476
480,476
13,31
462,31
16,31
6,31
264,31
80,31
466,31
74,31
250,31
14,31
67,31
425,31
112,31
467,31
466,367
19,367
462,367
14,367
103,367
425,367
77,367
120,367
45,367
13,367
214,367
