14,32
19,29
85,32
25,129
20,29
20,53
70,32
51,53
59,60
38,5
46,60
3,129
5,129
7,129
86,32
76,129
79,32
27,129
81,92
87,32
21,29
22,29
22,32
52,53
3,146
43,146
50,92
50,32
148,150
22,150
93,150
93,146
93,129
40,150
93,92
23,29
23,53
23,32
27,49
151,49
85,49
57,49
19,150
19,49
88,32
32,49
28,146
28,53
70,92
70,150
79,150
28,150
28,32
28,92
34,49
36,49
25,146
25,150
25,49
70,49
16,49
18,150
18,49
7,49
28,49
144,146
89,32
46,150
152,49
46,49
157,152
88,152
158,152
57,88
9,49
9,129
9,88
9,152
9,146
10,49
10,88
66,152
10,152
153,49
153,152
71,88
46,162
159,152
141,146
154,49
19,152
10,162
154,88
19,88
25,88
25,162
7,162
7,152
7,88
7,166
32,166
125,129
32,146
