55,213
13,249
198,213
171,213
14,213
65,27
20,251
12,251
26,27
12,27
26,182
12,213
54,213
138,27
144,213
93,251
146,27
239,27
47,251
47,249
47,27
226,27
190,213
199,213
103,213
103,251
103,27
45,251
45,213
40,27
200,213
200,251
79,251
58,218
154,213
58,213
58,251
12,215
46,215
46,249
46,251
150,27
227,27
137,249
137,251
241,27
179,215
207,218
49,249
242,249
242,27
151,251
2,27
201,27
201,213
243,27
76,218
76,27
76,213
202,213
203,213
204,213
205,213
206,213
2,213
207,213
180,213
208,213
191,213
244,27
74,27
124,27
209,213
11,256
214,256
214,27
214,251
214,215
245,27
93,256
24,256
22,256
25,256
57,256
49,256
246,27
49,251
49,218
14,27
39,256
9,251
9,249
9,215
9,218
41,218
165,260
168,256
93,260
8,260
19,256
257,260
7,260
24,260
28,260
