Cluster Number 5 : (t:0 100): [74, 101, 105, 109, 123, 124, 157, 163, 171, 191, 214, 250, 264, 301, 364, 425, 429, 460] ===> 
Cluster Number 5 : (t:100 200): [124, 193, 210, 214, 351, 365]
New Nodes: [193, 210, 351, 365]
Cluster Number 4 : (t:100 200): [14, 41, 48, 55, 67, 76, 78, 82, 103, 109, 110, 112, 367, 371, 425, 429, 444, 453, 461, 462, 466, 488, 493, 503, 505, 506, 515, 516, 518]
New Nodes: [14, 41, 48, 55, 67, 76, 78, 82, 103, 110, 112, 367, 371, 444, 453, 461, 462, 466, 488, 493, 503, 505, 506, 515, 516, 518]
Cluster Number 3 : (t:100 200): [10, 16, 27, 28, 30, 31, 74, 77, 80, 100, 102, 114, 120]
New Nodes: [10, 16, 27, 28, 30, 31, 77, 80, 100, 102, 114, 120]
-------------------------------
Cluster Number 4 : (t:0 100): [67, 76, 94, 106, 112, 113, 291, 367, 462, 464, 466, 467, 475, 476, 478, 479, 480, 8282] ===> 
Cluster Number 4 : (t:100 200): [14, 41, 48, 55, 67, 76, 78, 82, 103, 109, 110, 112, 367, 371, 425, 429, 444, 453, 461, 462, 466, 488, 493, 503, 505, 506, 515, 516, 518]
New Nodes: [14, 41, 48, 55, 78, 82, 103, 109, 110, 371, 425, 429, 444, 453, 461, 488, 493, 503, 505, 506, 515, 516, 518]
Cluster Number 1 : (t:100 200): [6, 58, 106, 519, 520, 521, 522, 523, 524, 526, 527, 530, 535, 8284, 8286]
New Nodes: [6, 58, 519, 520, 521, 522, 523, 524, 526, 527, 530, 535, 8284, 8286]
-------------------------------
Cluster Number 3 : (t:0 100): [17, 19, 28, 89, 104, 117] ===> 
Cluster Number 3 : (t:100 200): [10, 16, 27, 28, 30, 31, 74, 77, 80, 100, 102, 114, 120]
New Nodes: [10, 16, 27, 30, 31, 74, 77, 80, 100, 102, 114, 120]
-------------------------------
Cluster Number 2 : (t:0 100): [6, 10, 13, 14, 16, 80, 114, 118] ===> 
Cluster Number 4 : (t:100 200): [14, 41, 48, 55, 67, 76, 78, 82, 103, 109, 110, 112, 367, 371, 425, 429, 444, 453, 461, 462, 466, 488, 493, 503, 505, 506, 515, 516, 518]
New Nodes: [41, 48, 55, 67, 76, 78, 82, 103, 109, 110, 112, 367, 371, 425, 429, 444, 453, 461, 462, 466, 488, 493, 503, 505, 506, 515, 516, 518]
Cluster Number 3 : (t:100 200): [10, 16, 27, 28, 30, 31, 74, 77, 80, 100, 102, 114, 120]
New Nodes: [27, 28, 30, 31, 74, 77, 100, 102, 120]
Cluster Number 2 : (t:100 200): [7, 8, 11, 13]
New Nodes: [7, 8, 11]
Cluster Number 1 : (t:100 200): [6, 58, 106, 519, 520, 521, 522, 523, 524, 526, 527, 530, 535, 8284, 8286]
New Nodes: [58, 106, 519, 520, 521, 522, 523, 524, 526, 527, 530, 535, 8284, 8286]
-------------------------------
Cluster Number 1 : (t:0 100): [2, 30, 31, 45, 72, 77, 78, 100, 102, 103, 107, 108, 110, 111, 115, 116, 119, 120, 121, 122] ===> 
Cluster Number 4 : (t:100 200): [14, 41, 48, 55, 67, 76, 78, 82, 103, 109, 110, 112, 367, 371, 425, 429, 444, 453, 461, 462, 466, 488, 493, 503, 505, 506, 515, 516, 518]
New Nodes: [14, 41, 48, 55, 67, 76, 82, 109, 112, 367, 371, 425, 429, 444, 453, 461, 462, 466, 488, 493, 503, 505, 506, 515, 516, 518]
Cluster Number 3 : (t:100 200): [10, 16, 27, 28, 30, 31, 74, 77, 80, 100, 102, 114, 120]
New Nodes: [10, 16, 27, 28, 74, 80, 114]
-------------------------------
