Cluster Number 2 : (t:200 300): [74, 76, 82, 109, 124, 193, 210, 214, 351, 365, 367, 371, 425, 429, 444, 453, 461, 462, 466, 488, 493, 503, 516] ===> 
Cluster Number 2 : (t:300 400): [11, 13, 14, 17, 20, 24, 27, 30, 32, 37, 40, 48, 54, 55, 66, 72, 74, 78, 79, 80, 86, 89, 100, 102, 103, 110, 119, 125, 138, 151, 154, 191, 210, 214, 236, 264, 301, 327, 335, 351, 364, 399, 425, 439, 452, 453, 454, 455, 456, 457, 459, 460, 461, 462, 464, 471, 493, 538, 539, 540, 8283]
New Nodes: [11, 13, 14, 17, 20, 24, 27, 30, 32, 37, 40, 48, 54, 55, 66, 72, 78, 79, 80, 86, 89, 100, 102, 103, 110, 119, 125, 138, 151, 154, 191, 236, 264, 301, 327, 335, 364, 399, 439, 452, 454, 455, 456, 457, 459, 460, 464, 471, 538, 539, 540, 8283]
-------------------------------
Cluster Number 1 : (t:200 300): [6, 7, 8, 10, 11, 13, 14, 16, 27, 28, 30, 31, 41, 48, 55, 58, 67, 77, 78, 80, 100, 102, 103, 106, 110, 112, 114, 120, 505, 506, 515, 518, 519, 520, 521, 522, 523, 524, 526, 527, 530, 535, 8284, 8286] ===> 
Cluster Number 2 : (t:300 400): [11, 13, 14, 17, 20, 24, 27, 30, 32, 37, 40, 48, 54, 55, 66, 72, 74, 78, 79, 80, 86, 89, 100, 102, 103, 110, 119, 125, 138, 151, 154, 191, 210, 214, 236, 264, 301, 327, 335, 351, 364, 399, 425, 439, 452, 453, 454, 455, 456, 457, 459, 460, 461, 462, 464, 471, 493, 538, 539, 540, 8283]
New Nodes: [17, 20, 24, 32, 37, 40, 54, 66, 72, 74, 79, 86, 89, 119, 125, 138, 151, 154, 191, 210, 214, 236, 264, 301, 327, 335, 351, 364, 399, 425, 439, 452, 453, 454, 455, 456, 457, 459, 460, 461, 462, 464, 471, 493, 538, 539, 540, 8283]
Cluster Number 1 : (t:300 400): [7, 8, 10]
New Nodes: []
-------------------------------
