Cluster Number 2  (t:300 200): [10, 55, 454, 57, 27, 103, 73, 66, 371, 364, 460, 429] ===> 
Cluster Number 2  (t:200 300): [10, 55, 454, 57, 27, 103, 73, 66, 371, 364, 460, 429]
-------------------------------
Cluster Number 3  (t:300 200): [26, 13, 76, 58, 551, 485] ===> 
Cluster Number 3  (t:200 300): [26, 13, 76, 58, 551, 485]
-------------------------------
Cluster Number 4  (t:300 200): [54, 16] ===> 
Cluster Number 4  (t:200 300): [54, 16]
-------------------------------
Cluster Number 1  (t:300 200): [80, 8286, 425, 14, 529, 151, 45, 335, 501, 488, 191, 528, 6, 100, 86, 351, 366, 472, 104, 487, 89, 363, 154, 461, 41, 253, 28, 19, 9, 462, 20, 489, 457, 91, 74, 7, 71, 385, 77, 453, 24, 496, 497, 78, 67, 498, 500, 321, 30, 533, 1091, 48, 138, 109, 514, 439, 8285] ===> 
Cluster Number 1  (t:200 300): [80, 8286, 425, 14, 529, 151, 45, 335, 501, 488, 191, 528, 6, 100, 86, 351, 366, 472, 104, 487, 89, 363, 154, 461, 41, 253, 28, 19, 9, 462, 20, 489, 457, 91, 74, 7, 71, 385, 77, 453, 24, 496, 497, 78, 67, 498, 500, 321, 30, 533, 1091, 48, 138, 109, 514, 439, 8285]
-------------------------------
