Cluster Number 1  (t:0 50): [101, 107, 114, 2, 123, 109, 464, 8282, 301, 30, 94, 102, 14, 115, 103, 16, 104, 105, 76, 124, 67, 116, 100, 117, 118, 6, 106, 214, 108, 10, 110, 119, 111, 13, 120, 163, 121, 112, 191, 429, 28, 122] ===> 
Cluster Number 2  (t:50 100): [72, 94]
New Nodes: [72]
Cluster Number 3  (t:50 100): [103, 476, 78, 475, 460, 291, 364, 17, 100, 89, 106, 109, 80, 157, 171, 478, 479, 480, 31, 16, 6, 264, 466, 74, 250, 67, 112, 467, 367]
New Nodes: [476, 78, 475, 460, 291, 364, 17, 89, 80, 157, 171, 478, 479, 480, 31, 264, 466, 74, 250, 467, 367]
Cluster Number 4  (t:50 100): [214]
New Nodes: []
Cluster Number 1  (t:50 100): [120, 8282, 14, 19, 110, 425, 13, 462, 77, 45]
New Nodes: [19, 425, 462, 77, 45]
-------------------------------
