Cluster Number 3  (t:0 100): [467, 367] ===> 
Cluster Number 1  (t:100 200): [55, 367, 67, 31, 535, 193, 30, 516, 124, 466, 214, 109, 13, 14, 453, 76, 210, 429, 110, 425, 100, 515, 503, 82, 80, 77, 58, 106, 462, 74]
New Nodes: [55, 67, 31, 535, 193, 30, 516, 124, 466, 214, 109, 13, 14, 453, 76, 210, 429, 110, 425, 100, 515, 503, 82, 80, 77, 58, 106, 462, 74]
-------------------------------
Cluster Number 4  (t:0 100): [14, 103, 476, 78, 31, 462, 77] ===> 
Cluster Number 3  (t:100 200): [351, 102, 506, 6, 519, 16, 524, 28, 520, 521, 522, 120, 112, 444, 41, 493, 10, 526, 527, 78, 11, 103, 530, 461, 371]
New Nodes: [351, 102, 506, 6, 519, 16, 524, 28, 520, 521, 522, 120, 112, 444, 41, 493, 10, 526, 527, 11, 530, 461, 371]
Cluster Number 1  (t:100 200): [55, 367, 67, 31, 535, 193, 30, 516, 124, 466, 214, 109, 13, 14, 453, 76, 210, 429, 110, 425, 100, 515, 503, 82, 80, 77, 58, 106, 462, 74]
New Nodes: [55, 367, 67, 535, 193, 30, 516, 124, 466, 214, 109, 13, 453, 76, 210, 429, 110, 425, 100, 515, 503, 82, 80, 58, 106, 74]
-------------------------------
Cluster Number 5  (t:0 100): [80, 19, 425, 478, 264, 466, 74, 250, 45] ===> 
Cluster Number 1  (t:100 200): [55, 367, 67, 31, 535, 193, 30, 516, 124, 466, 214, 109, 13, 14, 453, 76, 210, 429, 110, 425, 100, 515, 503, 82, 80, 77, 58, 106, 462, 74]
New Nodes: [55, 367, 67, 31, 535, 193, 30, 516, 124, 214, 109, 13, 14, 453, 76, 210, 429, 110, 100, 515, 503, 82, 77, 58, 106, 462]
-------------------------------
Cluster Number 1  (t:0 100): [101, 107, 114, 2, 123, 109, 464, 8282, 301, 30, 94, 102, 115, 16, 104, 105, 76, 124, 67, 116, 100, 117, 118, 6, 106, 214, 108, 10, 110, 119, 111, 13, 120, 163, 121, 112, 191, 429, 28, 122, 113, 72] ===> 
Cluster Number 2  (t:100 200): [8, 48, 365, 505, 114, 7, 523, 518, 488, 8284, 27, 8286]
New Nodes: [8, 48, 365, 505, 7, 523, 518, 488, 8284, 27, 8286]
Cluster Number 3  (t:100 200): [351, 102, 506, 6, 519, 16, 524, 28, 520, 521, 522, 120, 112, 444, 41, 493, 10, 526, 527, 78, 11, 103, 530, 461, 371]
New Nodes: [351, 506, 519, 524, 520, 521, 522, 444, 41, 493, 526, 527, 78, 11, 103, 530, 461, 371]
Cluster Number 1  (t:100 200): [55, 367, 67, 31, 535, 193, 30, 516, 124, 466, 214, 109, 13, 14, 453, 76, 210, 429, 110, 425, 100, 515, 503, 82, 80, 77, 58, 106, 462, 74]
New Nodes: [55, 367, 31, 535, 193, 516, 466, 14, 453, 210, 425, 515, 503, 82, 80, 77, 58, 462, 74]
-------------------------------
