Cluster Number 2  (t:1100 1200): [20, 57] ===> 
Cluster Number 6  (t:1200 1300): [24, 25, 57, 168, 8, 19, 257, 7, 28]
New Nodes: [24, 25, 168, 8, 19, 257, 7, 28]
Cluster Number 1  (t:1200 1300): [55, 213, 13, 249, 198, 171, 14, 65, 27, 20, 251, 12, 26, 182, 54, 138, 144, 190, 199, 103, 45, 40, 200, 79, 58, 218, 154, 215, 46, 150, 207, 49, 2, 201, 243, 76, 202, 203, 204, 205, 206, 180, 208, 191, 124, 209]
New Nodes: [55, 213, 13, 249, 198, 171, 14, 65, 27, 251, 12, 26, 182, 54, 138, 144, 190, 199, 103, 45, 40, 200, 79, 58, 218, 154, 215, 46, 150, 207, 49, 2, 201, 243, 76, 202, 203, 204, 205, 206, 180, 208, 191, 124, 209]
-------------------------------
Cluster Number 1  (t:1100 1200): [27, 213, 11, 218, 151, 220, 216, 249, 3, 221, 18, 10, 215, 182, 222, 93, 43, 89, 251, 86, 138, 13, 46, 8, 36, 22, 112, 223, 41, 188, 25, 28, 78, 72, 19, 142, 54, 224, 225, 7, 153, 24, 35, 39, 32, 126, 176, 195, 53, 5, 189, 40, 16, 127, 38, 49, 196, 26, 194, 197] ===> 
Cluster Number 6  (t:1200 1300): [24, 25, 57, 168, 8, 19, 257, 7, 28]
New Nodes: [57, 168, 257]
Cluster Number 2  (t:1200 1300): [47, 226, 227, 137, 242, 151, 9, 41]
New Nodes: [47, 226, 227, 137, 242, 9]
Cluster Number 4  (t:1200 1300): [93, 241, 179, 11, 256, 214, 245, 22, 246, 39]
New Nodes: [241, 179, 256, 214, 245, 246]
Cluster Number 1  (t:1200 1300): [55, 213, 13, 249, 198, 171, 14, 65, 27, 20, 251, 12, 26, 182, 54, 138, 144, 190, 199, 103, 45, 40, 200, 79, 58, 218, 154, 215, 46, 150, 207, 49, 2, 201, 243, 76, 202, 203, 204, 205, 206, 180, 208, 191, 124, 209]
New Nodes: [55, 198, 171, 14, 65, 20, 12, 144, 190, 199, 103, 45, 200, 79, 58, 154, 150, 207, 2, 201, 243, 76, 202, 203, 204, 205, 206, 180, 208, 191, 124, 209]
-------------------------------
