Cluster Number 2  (t:100 150): [466, 214, 109, 13, 425, 100, 82, 80] ===> 
Cluster Number 2  (t:150 200): [41, 493, 55, 124, 10, 106, 462, 526, 527, 78, 67, 82, 11, 365, 103, 530, 461, 371]
New Nodes: [41, 493, 55, 124, 10, 106, 462, 526, 527, 78, 67, 11, 365, 103, 530, 461, 371]
Cluster Number 1  (t:150 200): [13, 523, 518, 519, 77, 16, 524, 28, 109, 520, 425, 7, 521, 522, 120, 488, 8284, 30, 74, 453, 112, 76, 444, 27, 8286]
New Nodes: [523, 518, 519, 77, 16, 524, 28, 520, 7, 521, 522, 120, 488, 8284, 30, 74, 453, 112, 76, 444, 27, 8286]
-------------------------------
Cluster Number 3  (t:100 150): [8, 14, 453, 76, 210, 429, 110, 515, 503, 77, 58, 106, 114, 7, 351, 102, 506] ===> 
Cluster Number 2  (t:150 200): [41, 493, 55, 124, 10, 106, 462, 526, 527, 78, 67, 82, 11, 365, 103, 530, 461, 371]
New Nodes: [41, 493, 55, 124, 10, 462, 526, 527, 78, 67, 82, 11, 365, 103, 530, 461, 371]
Cluster Number 1  (t:150 200): [13, 523, 518, 519, 77, 16, 524, 28, 109, 520, 425, 7, 521, 522, 120, 488, 8284, 30, 74, 453, 112, 76, 444, 27, 8286]
New Nodes: [13, 523, 518, 519, 16, 524, 28, 109, 520, 425, 521, 522, 120, 488, 8284, 30, 74, 112, 444, 27, 8286]
-------------------------------
Cluster Number 4  (t:100 150): [516, 48, 365, 462, 505, 6, 523] ===> 
Cluster Number 2  (t:150 200): [41, 493, 55, 124, 10, 106, 462, 526, 527, 78, 67, 82, 11, 365, 103, 530, 461, 371]
New Nodes: [41, 493, 55, 124, 10, 106, 526, 527, 78, 67, 82, 11, 103, 530, 461, 371]
Cluster Number 1  (t:150 200): [13, 523, 518, 519, 77, 16, 524, 28, 109, 520, 425, 7, 521, 522, 120, 488, 8284, 30, 74, 453, 112, 76, 444, 27, 8286]
New Nodes: [13, 518, 519, 77, 16, 524, 28, 109, 520, 425, 7, 521, 522, 120, 488, 8284, 30, 74, 453, 112, 76, 444, 27, 8286]
-------------------------------
Cluster Number 1  (t:100 150): [55, 367, 67, 31, 535, 193, 30, 124] ===> 
Cluster Number 2  (t:150 200): [41, 493, 55, 124, 10, 106, 462, 526, 527, 78, 67, 82, 11, 365, 103, 530, 461, 371]
New Nodes: [41, 493, 10, 106, 462, 526, 527, 78, 82, 11, 365, 103, 530, 461, 371]
Cluster Number 1  (t:150 200): [13, 523, 518, 519, 77, 16, 524, 28, 109, 520, 425, 7, 521, 522, 120, 488, 8284, 30, 74, 453, 112, 76, 444, 27, 8286]
New Nodes: [13, 523, 518, 519, 77, 16, 524, 28, 109, 520, 425, 7, 521, 522, 120, 488, 8284, 74, 453, 112, 76, 444, 27, 8286]
-------------------------------
