16,260
229,27
71,260
25,260
27,249
191,27
230,27
27,260
6,27
231,27
235,256
73,251
73,27
135,260
262,270
78,270
40,270
20,270
263,270
232,27
9,270
9,27
9,256
9,260
57,270
46,270
157,27
12,270
58,27
264,270
162,270
10,270
10,260
234,270
10,256
233,27
234,27
34,270
235,27
13,260
8,270
236,270
5,270
5,260
131,270
236,27
19,260
19,270
142,270
23,27
27,270
124,270
47,270
93,270
252,256
265,270
77,27
45,270
7,270
26,270
247,27
237,27
266,270
238,27
35,270
24,270
57,27
102,27
102,270
168,27
267,270
222,256
253,256
141,270
93,272
39,272
80,272
70,256
179,270
7,272
24,272
126,270
126,260
28,272
16,272
27,272
25,272
46,256
165,272
5,272
5,256
73,270
259,260
146,270
257,270
257,272
25,270
73,256
70,270
49,270
49,260
71,270
76,270
49,272
