25,153
28,153
13,22
161,167
4,22
4,126
4,162
4,167
4,49
4,146
4,88
4,174
4,166
4,152
57,126
57,162
156,22
156,49
73,153
24,153
24,22
24,126
24,49
172,174
46,153
46,126
86,153
78,166
43,153
41,22
41,49
161,88
18,153
171,22
9,153
64,88
173,174
20,167
20,88
155,162
58,167
58,166
102,166
22,162
49,22
49,153
175,153
57,153
19,182
65,182
176,182
40,182
32,182
22,182
93,182
16,182
34,182
28,182
10,182
7,182
142,182
86,182
18,182
177,182
178,182
179,182
180,182
22,213
25,182
23,213
46,213
165,213
66,213
27,215
184,213
151,213
193,213
9,182
9,213
93,213
10,213
8,213
80,213
39,213
19,215
3,213
186,213
11,213
187,213
34,213
49,215
16,213
17,213
78,213
38,215
25,215
181,182
7,213
31,213
7,215
89,213
25,213
28,213
50,213
