80,54
86,54
160,54
306,54
65,54
39,54
35,54
19,54
545,54
8,54
28,54
89,54
14,54
85,54
443,54
355,54
90,54
128,54
550,54
44,54
10,54
73,54
217,54
546,54
17,54
547,54
540,54
548,54
79,54
5,54
549,54
103,54
8,9
94,9
3,9
4,9
7,9
16,9
13,9
54,37
27,37
35,37
32,37
18,37
46,9
98,9
3,37
5,37
10,37
10,9
61,5
26,5
10,5
33,5
9,5
54,5
27,5
5,9
7,5
62,5
4,5
95,9
99,9
27,60
54,60
25,37
25,5
20,60
24,5
8,60
4,60
10,60
7,60
5,60
28,9
55,60
55,5
9,37
63,5
18,5
18,60
19,60
19,5
56,60
13,60
97,9
57,60
49,60
27,53
32,53
33,53
4,53
19,53
35,53
2,29
2,53
24,53
24,29
34,53
3,29
4,29
5,29
5,53
