36,53
6,29
6,53
6,60
6,5
6,37
37,53
7,29
7,53
38,53
39,53
8,29
8,53
32,7
9,29
9,53
9,7
25,53
71,7
54,7
5,7
3,7
16,7
4,7
40,53
72,7
10,29
10,53
10,7
41,53
74,7
11,7
11,29
12,29
13,53
13,29
75,7
27,7
23,7
77,7
78,7
42,53
43,53
44,53
45,53
4,37
64,5
24,7
76,7
79,7
44,7
10,32
82,32
39,32
46,7
46,53
47,53
16,32
8,32
40,32
9,32
90,32
14,29
14,53
66,32
14,60
14,37
15,29
80,7
83,32
34,32
19,32
84,32
4,32
5,32
28,7
7,32
58,60
58,32
16,53
27,32
25,32
5,92
25,92
10,92
22,37
48,53
26,92
24,32
49,53
16,29
65,5
91,92
17,29
4,92
6,92
8,129
4,129
18,129
18,29
18,53
18,32
28,129
50,53
10,129
