Cluster Number 2  (t:300 400): [540, 453, 27, 459, 460, 40, 439, 454, 461, 13, 236, 24, 138, 462, 7, 335, 11, 30, 10, 452, 191, 17, 100, 351, 55, 86, 74, 214, 455, 78, 14, 66, 151, 102, 399, 425, 456, 72, 457, 54, 110, 80, 8283, 471, 210, 464, 32, 119] ===> 
Cluster Number 2  (t:400 500): [8, 46, 14, 85, 86, 327, 105, 72, 20, 79, 50, 128, 124, 80, 491, 40, 11, 36]
New Nodes: [8, 46, 85, 327, 105, 20, 79, 50, 128, 124, 491, 36]
Cluster Number 1  (t:400 500): [488, 74, 264, 73, 100, 19, 253, 274, 513, 24, 54, 10, 464, 6, 459, 78, 71, 27, 28, 191, 151, 160, 512, 363, 57, 7, 425, 138, 510, 157, 236, 97, 540, 75, 4, 541, 446, 497, 67, 461, 535, 41, 165, 70, 343, 112, 1076, 103, 351, 55, 217, 306, 402, 31, 366, 453, 200, 3, 298, 39]
New Nodes: [488, 264, 73, 19, 253, 274, 513, 6, 71, 28, 160, 512, 363, 57, 510, 157, 97, 75, 4, 541, 446, 497, 67, 535, 41, 165, 70, 343, 112, 1076, 103, 217, 306, 402, 31, 366, 200, 3, 298, 39]
-------------------------------
Cluster Number 3  (t:300 400): [103, 37, 538, 327, 493, 364, 125, 8, 89, 301, 154, 539, 20, 79] ===> 
Cluster Number 2  (t:400 500): [8, 46, 14, 85, 86, 327, 105, 72, 20, 79, 50, 128, 124, 80, 491, 40, 11, 36]
New Nodes: [46, 14, 85, 86, 105, 72, 50, 128, 124, 80, 491, 40, 11, 36]
Cluster Number 1  (t:400 500): [488, 74, 264, 73, 100, 19, 253, 274, 513, 24, 54, 10, 464, 6, 459, 78, 71, 27, 28, 191, 151, 160, 512, 363, 57, 7, 425, 138, 510, 157, 236, 97, 540, 75, 4, 541, 446, 497, 67, 461, 535, 41, 165, 70, 343, 112, 1076, 103, 351, 55, 217, 306, 402, 31, 366, 453, 200, 3, 298, 39]
New Nodes: [488, 74, 264, 73, 100, 19, 253, 274, 513, 24, 54, 10, 464, 6, 459, 78, 71, 27, 28, 191, 151, 160, 512, 363, 57, 7, 425, 138, 510, 157, 236, 97, 540, 75, 4, 541, 446, 497, 67, 461, 535, 41, 165, 70, 343, 112, 1076, 351, 55, 217, 306, 402, 31, 366, 453, 200, 3, 298, 39]
-------------------------------
Cluster Number 1  (t:300 400): [264, 48] ===> 
Cluster Number 1  (t:400 500): [488, 74, 264, 73, 100, 19, 253, 274, 513, 24, 54, 10, 464, 6, 459, 78, 71, 27, 28, 191, 151, 160, 512, 363, 57, 7, 425, 138, 510, 157, 236, 97, 540, 75, 4, 541, 446, 497, 67, 461, 535, 41, 165, 70, 343, 112, 1076, 103, 351, 55, 217, 306, 402, 31, 366, 453, 200, 3, 298, 39]
New Nodes: [488, 74, 73, 100, 19, 253, 274, 513, 24, 54, 10, 464, 6, 459, 78, 71, 27, 28, 191, 151, 160, 512, 363, 57, 7, 425, 138, 510, 157, 236, 97, 540, 75, 4, 541, 446, 497, 67, 461, 535, 41, 165, 70, 343, 112, 1076, 103, 351, 55, 217, 306, 402, 31, 366, 453, 200, 3, 298, 39]
-------------------------------
