Cluster Number 6  (t:1200 1300): [24, 25, 57, 168, 8, 19, 257, 7, 28] ===> 
Cluster Number 2  (t:1300 1400): [229, 27, 249, 191, 230, 6, 231, 251, 262, 263, 232, 12, 58, 233, 34, 142, 23, 265, 77, 45, 7, 26, 247, 237, 266, 238, 35, 168, 267]
New Nodes: [229, 27, 249, 191, 230, 6, 231, 251, 262, 263, 232, 12, 58, 233, 34, 142, 23, 265, 77, 45, 26, 247, 237, 266, 238, 35, 267]
Cluster Number 1  (t:1300 1400): [16, 260, 71, 25, 235, 256, 73, 135, 270, 78, 9, 57, 46, 157, 10, 234, 13, 8, 236, 5, 131, 19, 93, 252, 24, 102, 222, 253, 141, 272, 39, 80, 70, 179, 126, 28, 165, 259, 146, 257, 49]
New Nodes: [16, 260, 71, 235, 256, 73, 135, 270, 78, 9, 46, 157, 10, 234, 13, 236, 5, 131, 93, 252, 102, 222, 253, 141, 272, 39, 80, 70, 179, 126, 165, 259, 146, 49]
-------------------------------
Cluster Number 2  (t:1200 1300): [47, 226, 227, 137, 242, 151, 9, 41] ===> 
Cluster Number 3  (t:1300 1400): [40, 20, 264, 162, 124, 47, 76]
New Nodes: [40, 20, 264, 162, 124, 76]
Cluster Number 1  (t:1300 1400): [16, 260, 71, 25, 235, 256, 73, 135, 270, 78, 9, 57, 46, 157, 10, 234, 13, 8, 236, 5, 131, 19, 93, 252, 24, 102, 222, 253, 141, 272, 39, 80, 70, 179, 126, 28, 165, 259, 146, 257, 49]
New Nodes: [16, 260, 71, 25, 235, 256, 73, 135, 270, 78, 57, 46, 157, 10, 234, 13, 8, 236, 5, 131, 19, 93, 252, 24, 102, 222, 253, 141, 272, 39, 80, 70, 179, 126, 28, 165, 259, 146, 257, 49]
-------------------------------
Cluster Number 3  (t:1200 1300): [146, 239, 244, 74] ===> 
Cluster Number 1  (t:1300 1400): [16, 260, 71, 25, 235, 256, 73, 135, 270, 78, 9, 57, 46, 157, 10, 234, 13, 8, 236, 5, 131, 19, 93, 252, 24, 102, 222, 253, 141, 272, 39, 80, 70, 179, 126, 28, 165, 259, 146, 257, 49]
New Nodes: [16, 260, 71, 25, 235, 256, 73, 135, 270, 78, 9, 57, 46, 157, 10, 234, 13, 8, 236, 5, 131, 19, 93, 252, 24, 102, 222, 253, 141, 272, 39, 80, 70, 179, 126, 28, 165, 259, 257, 49]
-------------------------------
Cluster Number 4  (t:1200 1300): [93, 241, 179, 11, 256, 214, 245, 22, 246, 39] ===> 
Cluster Number 1  (t:1300 1400): [16, 260, 71, 25, 235, 256, 73, 135, 270, 78, 9, 57, 46, 157, 10, 234, 13, 8, 236, 5, 131, 19, 93, 252, 24, 102, 222, 253, 141, 272, 39, 80, 70, 179, 126, 28, 165, 259, 146, 257, 49]
New Nodes: [16, 260, 71, 25, 235, 73, 135, 270, 78, 9, 57, 46, 157, 10, 234, 13, 8, 236, 5, 131, 19, 252, 24, 102, 222, 253, 141, 272, 80, 70, 126, 28, 165, 259, 146, 257, 49]
-------------------------------
Cluster Number 5  (t:1200 1300): [165, 260] ===> 
Cluster Number 1  (t:1300 1400): [16, 260, 71, 25, 235, 256, 73, 135, 270, 78, 9, 57, 46, 157, 10, 234, 13, 8, 236, 5, 131, 19, 93, 252, 24, 102, 222, 253, 141, 272, 39, 80, 70, 179, 126, 28, 165, 259, 146, 257, 49]
New Nodes: [16, 71, 25, 235, 256, 73, 135, 270, 78, 9, 57, 46, 157, 10, 234, 13, 8, 236, 5, 131, 19, 93, 252, 24, 102, 222, 253, 141, 272, 39, 80, 70, 179, 126, 28, 259, 146, 257, 49]
-------------------------------
Cluster Number 1  (t:1200 1300): [55, 213, 13, 249, 198, 171, 14, 65, 27, 20, 251, 12, 26, 182, 54, 138, 144, 190, 199, 103, 45, 40, 200, 79, 58, 218, 154, 215, 46, 150, 207, 49, 2, 201, 243, 76, 202, 203, 204, 205, 206, 180, 208, 191, 124, 209] ===> 
Cluster Number 2  (t:1300 1400): [229, 27, 249, 191, 230, 6, 231, 251, 262, 263, 232, 12, 58, 233, 34, 142, 23, 265, 77, 45, 7, 26, 247, 237, 266, 238, 35, 168, 267]
New Nodes: [229, 230, 6, 231, 262, 263, 232, 233, 34, 142, 23, 265, 77, 7, 247, 237, 266, 238, 35, 168, 267]
Cluster Number 3  (t:1300 1400): [40, 20, 264, 162, 124, 47, 76]
New Nodes: [264, 162, 47]
Cluster Number 1  (t:1300 1400): [16, 260, 71, 25, 235, 256, 73, 135, 270, 78, 9, 57, 46, 157, 10, 234, 13, 8, 236, 5, 131, 19, 93, 252, 24, 102, 222, 253, 141, 272, 39, 80, 70, 179, 126, 28, 165, 259, 146, 257, 49]
New Nodes: [16, 260, 71, 25, 235, 256, 73, 135, 270, 78, 9, 57, 157, 10, 234, 8, 236, 5, 131, 19, 93, 252, 24, 102, 222, 253, 141, 272, 39, 80, 70, 179, 126, 28, 165, 259, 146, 257]
-------------------------------
