Cluster Number 2  (t:100 200): [8, 48, 365, 505, 114, 7, 523, 518, 488, 8284, 27, 8286] ===> 
Cluster Number 2  (t:200 300): [10, 55, 454, 57, 27, 103, 73, 66, 371, 364, 460, 429]
New Nodes: [10, 55, 454, 57, 103, 73, 66, 371, 364, 460, 429]
Cluster Number 1  (t:200 300): [80, 8286, 425, 14, 529, 151, 45, 335, 501, 488, 191, 528, 6, 100, 86, 351, 366, 472, 104, 487, 89, 363, 154, 461, 41, 253, 28, 19, 9, 462, 20, 489, 457, 91, 74, 7, 71, 385, 77, 453, 24, 496, 497, 78, 67, 498, 500, 321, 30, 533, 1091, 48, 138, 109, 514, 439, 8285]
New Nodes: [80, 425, 14, 529, 151, 45, 335, 501, 191, 528, 6, 100, 86, 351, 366, 472, 104, 487, 89, 363, 154, 461, 41, 253, 28, 19, 9, 462, 20, 489, 457, 91, 74, 71, 385, 77, 453, 24, 496, 497, 78, 67, 498, 500, 321, 30, 533, 1091, 138, 109, 514, 439, 8285]
-------------------------------
Cluster Number 3  (t:100 200): [351, 102, 506, 6, 519, 16, 524, 28, 520, 521, 522, 120, 112, 444, 41, 493, 10, 526, 527, 78, 11, 103, 530, 461, 371] ===> 
Cluster Number 2  (t:200 300): [10, 55, 454, 57, 27, 103, 73, 66, 371, 364, 460, 429]
New Nodes: [55, 454, 57, 27, 73, 66, 364, 460, 429]
Cluster Number 4  (t:200 300): [54, 16]
New Nodes: [54]
Cluster Number 1  (t:200 300): [80, 8286, 425, 14, 529, 151, 45, 335, 501, 488, 191, 528, 6, 100, 86, 351, 366, 472, 104, 487, 89, 363, 154, 461, 41, 253, 28, 19, 9, 462, 20, 489, 457, 91, 74, 7, 71, 385, 77, 453, 24, 496, 497, 78, 67, 498, 500, 321, 30, 533, 1091, 48, 138, 109, 514, 439, 8285]
New Nodes: [80, 8286, 425, 14, 529, 151, 45, 335, 501, 488, 191, 528, 100, 86, 366, 472, 104, 487, 89, 363, 154, 253, 19, 9, 462, 20, 489, 457, 91, 74, 7, 71, 385, 77, 453, 24, 496, 497, 67, 498, 500, 321, 30, 533, 1091, 48, 138, 109, 514, 439, 8285]
-------------------------------
Cluster Number 1  (t:100 200): [55, 367, 67, 31, 535, 193, 30, 516, 124, 466, 214, 109, 13, 14, 453, 76, 210, 429, 110, 425, 100, 515, 503, 82, 80, 77, 58, 106, 462, 74] ===> 
Cluster Number 2  (t:200 300): [10, 55, 454, 57, 27, 103, 73, 66, 371, 364, 460, 429]
New Nodes: [10, 454, 57, 27, 103, 73, 66, 371, 364, 460]
Cluster Number 3  (t:200 300): [26, 13, 76, 58, 551, 485]
New Nodes: [26, 551, 485]
Cluster Number 1  (t:200 300): [80, 8286, 425, 14, 529, 151, 45, 335, 501, 488, 191, 528, 6, 100, 86, 351, 366, 472, 104, 487, 89, 363, 154, 461, 41, 253, 28, 19, 9, 462, 20, 489, 457, 91, 74, 7, 71, 385, 77, 453, 24, 496, 497, 78, 67, 498, 500, 321, 30, 533, 1091, 48, 138, 109, 514, 439, 8285]
New Nodes: [8286, 529, 151, 45, 335, 501, 488, 191, 528, 6, 86, 351, 366, 472, 104, 487, 89, 363, 154, 461, 41, 253, 28, 19, 9, 20, 489, 457, 91, 7, 71, 385, 24, 496, 497, 78, 498, 500, 321, 533, 1091, 48, 138, 514, 439, 8285]
-------------------------------
