Cluster Number 2  (t:600 700): [34] ===> 
Cluster Number 3  (t:700 800): [83, 34, 19, 84]
New Nodes: [83, 19, 84]
-------------------------------
Cluster Number 3  (t:600 700): [2, 29] ===> 
Cluster Number 1  (t:700 800): [36, 53, 6, 29, 60, 5, 37, 7, 38, 39, 8, 32, 9, 25, 71, 54, 3, 16, 4, 40, 72, 10, 41, 74, 11, 12, 13, 75, 27, 23, 77, 78, 42, 43, 44, 45, 64, 24, 76, 79, 82, 46, 47, 90, 14, 66, 15, 80, 28, 58, 92, 22, 48, 26, 49, 17, 129, 18, 50]
New Nodes: [36, 53, 6, 60, 5, 37, 7, 38, 39, 8, 32, 9, 25, 71, 54, 3, 16, 4, 40, 72, 10, 41, 74, 11, 12, 13, 75, 27, 23, 77, 78, 42, 43, 44, 45, 64, 24, 76, 79, 82, 46, 47, 90, 14, 66, 15, 80, 28, 58, 92, 22, 48, 26, 49, 17, 129, 18, 50]
-------------------------------
Cluster Number 1  (t:600 700): [80, 54, 86, 160, 306, 65, 39, 35, 19, 545, 8, 28, 89, 14, 85, 443, 355, 90, 128, 550, 44, 10, 73, 217, 546, 17, 547, 540, 548, 79, 5, 549, 103, 9, 94, 3, 4, 7, 16, 13, 37, 27, 32, 18, 46, 98, 61, 26, 33, 62, 95, 99, 60, 25, 20, 24, 55, 63, 56, 97, 57, 49, 53] ===> 
Cluster Number 2  (t:700 800): [65, 91]
New Nodes: [91]
Cluster Number 3  (t:700 800): [83, 34, 19, 84]
New Nodes: [83, 34, 84]
Cluster Number 1  (t:700 800): [36, 53, 6, 29, 60, 5, 37, 7, 38, 39, 8, 32, 9, 25, 71, 54, 3, 16, 4, 40, 72, 10, 41, 74, 11, 12, 13, 75, 27, 23, 77, 78, 42, 43, 44, 45, 64, 24, 76, 79, 82, 46, 47, 90, 14, 66, 15, 80, 28, 58, 92, 22, 48, 26, 49, 17, 129, 18, 50]
New Nodes: [36, 6, 29, 38, 71, 40, 72, 41, 74, 11, 12, 75, 23, 77, 78, 42, 43, 45, 64, 76, 82, 47, 66, 15, 58, 92, 22, 48, 129, 50]
-------------------------------
