Cluster Number 1 (t:200 250): [100, 151, 191, 335, 351, 363, 366, 425, 45, 488, 501, 528, 529, 6, 8286, 89] ===> 
Cluster Number 6 (t:250 300): [364, 371, 425, 460, 514, 55, 66, 74, 86]
New Nodes: [364, 371, 460, 514, 55, 66, 74, 86]
Cluster Number 2 (t:250 300): [19, 24, 27, 321, 454, 500, 501, 57]
New Nodes: [19, 24, 27, 321, 454, 500, 57]
-------------------------------
Cluster Number 2 (t:200 250): [10, 104, 154, 19, 20, 253, 28, 41, 457, 461, 462, 472, 487, 489, 55, 9, 91] ===> 
Cluster Number 6 (t:250 300): [364, 371, 425, 460, 514, 55, 66, 74, 86]
New Nodes: [364, 371, 425, 460, 514, 66, 74, 86]
Cluster Number 7 (t:250 300): [10, 30, 485, 8285]
New Nodes: [30, 485, 8285]
Cluster Number 2 (t:250 300): [19, 24, 27, 321, 454, 500, 501, 57]
New Nodes: [24, 27, 321, 454, 500, 501, 57]
-------------------------------
Cluster Number 3 (t:200 250): [14, 24, 385, 453, 496, 497, 7, 71, 74, 77, 80, 86] ===> 
Cluster Number 5 (t:250 300): [109, 13, 138, 14, 429, 439, 453, 48, 551, 58, 73, 76]
New Nodes: [109, 13, 138, 429, 439, 48, 551, 58, 73, 76]
Cluster Number 6 (t:250 300): [364, 371, 425, 460, 514, 55, 66, 74, 86]
New Nodes: [364, 371, 425, 460, 514, 55, 66]
Cluster Number 1 (t:250 300): [498, 67, 7, 78]
New Nodes: [498, 67, 78]
Cluster Number 2 (t:250 300): [19, 24, 27, 321, 454, 500, 501, 57]
New Nodes: [19, 27, 321, 454, 500, 501, 57]
-------------------------------
