Cluster Number 6 : (t:200 300): [109, 454, 497, 498, 500, 501, 529] ===> 
Cluster Number 1 : (t:300 400): [2, 6, 7, 8, 10, 11, 13, 14, 16, 17, 19, 27, 28, 30, 31, 41, 45, 48, 55, 58, 67, 72, 74, 76, 77, 78, 80, 82, 89, 94, 100, 101, 102, 103, 104, 105, 106, 107, 108, 109, 110, 111, 112, 113, 114, 115, 116, 117, 118, 119, 120, 121, 122, 123, 124, 157, 163, 171, 191, 193, 210, 214, 250, 264, 291, 301, 351, 364, 365, 367, 425, 429, 444, 453, 460, 461, 462, 464, 466, 467, 475, 476, 478, 479, 480, 488, 493, 503, 505, 506, 515, 516, 518, 519, 520, 521, 522, 523, 524, 526, 527, 530, 535, 8282, 8284, 8286]
New Nodes: [2, 6, 7, 8, 10, 11, 13, 14, 16, 17, 19, 27, 28, 30, 31, 41, 45, 48, 55, 58, 67, 72, 74, 76, 77, 78, 80, 82, 89, 94, 100, 101, 102, 103, 104, 105, 106, 107, 108, 110, 111, 112, 113, 114, 115, 116, 117, 118, 119, 120, 121, 122, 123, 124, 157, 163, 171, 191, 193, 210, 214, 250, 264, 291, 301, 351, 364, 365, 367, 425, 429, 444, 453, 460, 461, 462, 464, 466, 467, 475, 476, 478, 479, 480, 488, 493, 503, 505, 506, 515, 516, 518, 519, 520, 521, 522, 523, 524, 526, 527, 530, 535, 8282, 8284, 8286]
-------------------------------
Cluster Number 5 : (t:200 300): [58, 439, 453, 485, 487, 488, 489, 514, 528, 533, 551, 1091, 8285, 8286] ===> 
Cluster Number 1 : (t:300 400): [2, 6, 7, 8, 10, 11, 13, 14, 16, 17, 19, 27, 28, 30, 31, 41, 45, 48, 55, 58, 67, 72, 74, 76, 77, 78, 80, 82, 89, 94, 100, 101, 102, 103, 104, 105, 106, 107, 108, 109, 110, 111, 112, 113, 114, 115, 116, 117, 118, 119, 120, 121, 122, 123, 124, 157, 163, 171, 191, 193, 210, 214, 250, 264, 291, 301, 351, 364, 365, 367, 425, 429, 444, 453, 460, 461, 462, 464, 466, 467, 475, 476, 478, 479, 480, 488, 493, 503, 505, 506, 515, 516, 518, 519, 520, 521, 522, 523, 524, 526, 527, 530, 535, 8282, 8284, 8286]
New Nodes: [2, 6, 7, 8, 10, 11, 13, 14, 16, 17, 19, 27, 28, 30, 31, 41, 45, 48, 55, 67, 72, 74, 76, 77, 78, 80, 82, 89, 94, 100, 101, 102, 103, 104, 105, 106, 107, 108, 109, 110, 111, 112, 113, 114, 115, 116, 117, 118, 119, 120, 121, 122, 123, 124, 157, 163, 171, 191, 193, 210, 214, 250, 264, 291, 301, 351, 364, 365, 367, 425, 429, 444, 460, 461, 462, 464, 466, 467, 475, 476, 478, 479, 480, 493, 503, 505, 506, 515, 516, 518, 519, 520, 521, 522, 523, 524, 526, 527, 530, 535, 8282, 8284]
-------------------------------
Cluster Number 4 : (t:200 300): [41, 138, 151, 154, 191, 253, 321, 335, 351, 363, 364, 366, 462, 472, 496] ===> 
Cluster Number 1 : (t:300 400): [2, 6, 7, 8, 10, 11, 13, 14, 16, 17, 19, 27, 28, 30, 31, 41, 45, 48, 55, 58, 67, 72, 74, 76, 77, 78, 80, 82, 89, 94, 100, 101, 102, 103, 104, 105, 106, 107, 108, 109, 110, 111, 112, 113, 114, 115, 116, 117, 118, 119, 120, 121, 122, 123, 124, 157, 163, 171, 191, 193, 210, 214, 250, 264, 291, 301, 351, 364, 365, 367, 425, 429, 444, 453, 460, 461, 462, 464, 466, 467, 475, 476, 478, 479, 480, 488, 493, 503, 505, 506, 515, 516, 518, 519, 520, 521, 522, 523, 524, 526, 527, 530, 535, 8282, 8284, 8286]
New Nodes: [2, 6, 7, 8, 10, 11, 13, 14, 16, 17, 19, 27, 28, 30, 31, 45, 48, 55, 58, 67, 72, 74, 76, 77, 78, 80, 82, 89, 94, 100, 101, 102, 103, 104, 105, 106, 107, 108, 109, 110, 111, 112, 113, 114, 115, 116, 117, 118, 119, 120, 121, 122, 123, 124, 157, 163, 171, 193, 210, 214, 250, 264, 291, 301, 365, 367, 425, 429, 444, 453, 460, 461, 464, 466, 467, 475, 476, 478, 479, 480, 488, 493, 503, 505, 506, 515, 516, 518, 519, 520, 521, 522, 523, 524, 526, 527, 530, 535, 8282, 8284, 8286]
-------------------------------
Cluster Number 3 : (t:200 300): [9, 20, 371, 385, 425, 429] ===> 
Cluster Number 1 : (t:300 400): [2, 6, 7, 8, 10, 11, 13, 14, 16, 17, 19, 27, 28, 30, 31, 41, 45, 48, 55, 58, 67, 72, 74, 76, 77, 78, 80, 82, 89, 94, 100, 101, 102, 103, 104, 105, 106, 107, 108, 109, 110, 111, 112, 113, 114, 115, 116, 117, 118, 119, 120, 121, 122, 123, 124, 157, 163, 171, 191, 193, 210, 214, 250, 264, 291, 301, 351, 364, 365, 367, 425, 429, 444, 453, 460, 461, 462, 464, 466, 467, 475, 476, 478, 479, 480, 488, 493, 503, 505, 506, 515, 516, 518, 519, 520, 521, 522, 523, 524, 526, 527, 530, 535, 8282, 8284, 8286]
New Nodes: [2, 6, 7, 8, 10, 11, 13, 14, 16, 17, 19, 27, 28, 30, 31, 41, 45, 48, 55, 58, 67, 72, 74, 76, 77, 78, 80, 82, 89, 94, 100, 101, 102, 103, 104, 105, 106, 107, 108, 109, 110, 111, 112, 113, 114, 115, 116, 117, 118, 119, 120, 121, 122, 123, 124, 157, 163, 171, 191, 193, 210, 214, 250, 264, 291, 301, 351, 364, 365, 367, 444, 453, 460, 461, 462, 464, 466, 467, 475, 476, 478, 479, 480, 488, 493, 503, 505, 506, 515, 516, 518, 519, 520, 521, 522, 523, 524, 526, 527, 530, 535, 8282, 8284, 8286]
-------------------------------
Cluster Number 2 : (t:200 300): [7, 13, 14, 16, 19, 26, 27, 28, 30, 45, 48, 66, 67] ===> 
Cluster Number 1 : (t:300 400): [2, 6, 7, 8, 10, 11, 13, 14, 16, 17, 19, 27, 28, 30, 31, 41, 45, 48, 55, 58, 67, 72, 74, 76, 77, 78, 80, 82, 89, 94, 100, 101, 102, 103, 104, 105, 106, 107, 108, 109, 110, 111, 112, 113, 114, 115, 116, 117, 118, 119, 120, 121, 122, 123, 124, 157, 163, 171, 191, 193, 210, 214, 250, 264, 291, 301, 351, 364, 365, 367, 425, 429, 444, 453, 460, 461, 462, 464, 466, 467, 475, 476, 478, 479, 480, 488, 493, 503, 505, 506, 515, 516, 518, 519, 520, 521, 522, 523, 524, 526, 527, 530, 535, 8282, 8284, 8286]
New Nodes: [2, 6, 8, 10, 11, 17, 31, 41, 55, 58, 72, 74, 76, 77, 78, 80, 82, 89, 94, 100, 101, 102, 103, 104, 105, 106, 107, 108, 109, 110, 111, 112, 113, 114, 115, 116, 117, 118, 119, 120, 121, 122, 123, 124, 157, 163, 171, 191, 193, 210, 214, 250, 264, 291, 301, 351, 364, 365, 367, 425, 429, 444, 453, 460, 461, 462, 464, 466, 467, 475, 476, 478, 479, 480, 488, 493, 503, 505, 506, 515, 516, 518, 519, 520, 521, 522, 523, 524, 526, 527, 530, 535, 8282, 8284, 8286]
-------------------------------
Cluster Number 1 : (t:200 300): [6, 10, 24, 54, 55, 57, 71, 73, 74, 76, 77, 78, 80, 86, 89, 91, 100, 103, 104] ===> 
Cluster Number 1 : (t:300 400): [2, 6, 7, 8, 10, 11, 13, 14, 16, 17, 19, 27, 28, 30, 31, 41, 45, 48, 55, 58, 67, 72, 74, 76, 77, 78, 80, 82, 89, 94, 100, 101, 102, 103, 104, 105, 106, 107, 108, 109, 110, 111, 112, 113, 114, 115, 116, 117, 118, 119, 120, 121, 122, 123, 124, 157, 163, 171, 191, 193, 210, 214, 250, 264, 291, 301, 351, 364, 365, 367, 425, 429, 444, 453, 460, 461, 462, 464, 466, 467, 475, 476, 478, 479, 480, 488, 493, 503, 505, 506, 515, 516, 518, 519, 520, 521, 522, 523, 524, 526, 527, 530, 535, 8282, 8284, 8286]
New Nodes: [2, 7, 8, 11, 13, 14, 16, 17, 19, 27, 28, 30, 31, 41, 45, 48, 58, 67, 72, 82, 94, 101, 102, 105, 106, 107, 108, 109, 110, 111, 112, 113, 114, 115, 116, 117, 118, 119, 120, 121, 122, 123, 124, 157, 163, 171, 191, 193, 210, 214, 250, 264, 291, 301, 351, 364, 365, 367, 425, 429, 444, 453, 460, 461, 462, 464, 466, 467, 475, 476, 478, 479, 480, 488, 493, 503, 505, 506, 515, 516, 518, 519, 520, 521, 522, 523, 524, 526, 527, 530, 535, 8282, 8284, 8286]
-------------------------------
Cluster Number 7 : (t:200 300): [457, 460, 461] ===> 
Cluster Number 1 : (t:300 400): [2, 6, 7, 8, 10, 11, 13, 14, 16, 17, 19, 27, 28, 30, 31, 41, 45, 48, 55, 58, 67, 72, 74, 76, 77, 78, 80, 82, 89, 94, 100, 101, 102, 103, 104, 105, 106, 107, 108, 109, 110, 111, 112, 113, 114, 115, 116, 117, 118, 119, 120, 121, 122, 123, 124, 157, 163, 171, 191, 193, 210, 214, 250, 264, 291, 301, 351, 364, 365, 367, 425, 429, 444, 453, 460, 461, 462, 464, 466, 467, 475, 476, 478, 479, 480, 488, 493, 503, 505, 506, 515, 516, 518, 519, 520, 521, 522, 523, 524, 526, 527, 530, 535, 8282, 8284, 8286]
New Nodes: [2, 6, 7, 8, 10, 11, 13, 14, 16, 17, 19, 27, 28, 30, 31, 41, 45, 48, 55, 58, 67, 72, 74, 76, 77, 78, 80, 82, 89, 94, 100, 101, 102, 103, 104, 105, 106, 107, 108, 109, 110, 111, 112, 113, 114, 115, 116, 117, 118, 119, 120, 121, 122, 123, 124, 157, 163, 171, 191, 193, 210, 214, 250, 264, 291, 301, 351, 364, 365, 367, 425, 429, 444, 453, 462, 464, 466, 467, 475, 476, 478, 479, 480, 488, 493, 503, 505, 506, 515, 516, 518, 519, 520, 521, 522, 523, 524, 526, 527, 530, 535, 8282, 8284, 8286]
-------------------------------
