Cluster Number 2  (t:200 250): [461, 41, 253, 28, 19, 9, 462, 20, 55, 489, 457, 91] ===> 
Cluster Number 2  (t:250 300): [500, 321, 24, 19, 57, 30, 27, 54, 533, 16, 501, 13, 48, 453, 439, 8285]
New Nodes: [500, 321, 24, 57, 30, 27, 54, 533, 16, 501, 13, 48, 453, 439, 8285]
Cluster Number 1  (t:250 300): [78, 7, 67, 498, 454, 10, 425, 103, 1091, 26, 138, 73, 109, 55, 66, 86, 371, 364, 76, 58, 460, 14, 429, 551]
New Nodes: [78, 7, 67, 498, 454, 10, 425, 103, 1091, 26, 138, 73, 109, 66, 86, 371, 364, 76, 58, 460, 14, 429, 551]
-------------------------------
Cluster Number 1  (t:200 250): [80, 8286, 425, 14, 529, 151, 45, 335, 501, 488, 191, 528, 6, 100, 86, 351, 366, 472, 104, 487, 10, 89, 363, 154, 74, 7, 71, 385, 77, 453, 24, 496] ===> 
Cluster Number 2  (t:250 300): [500, 321, 24, 19, 57, 30, 27, 54, 533, 16, 501, 13, 48, 453, 439, 8285]
New Nodes: [500, 321, 19, 57, 30, 27, 54, 533, 16, 13, 48, 439, 8285]
Cluster Number 4  (t:250 300): [514, 74]
New Nodes: [514]
Cluster Number 1  (t:250 300): [78, 7, 67, 498, 454, 10, 425, 103, 1091, 26, 138, 73, 109, 55, 66, 86, 371, 364, 76, 58, 460, 14, 429, 551]
New Nodes: [78, 67, 498, 454, 103, 1091, 26, 138, 73, 109, 55, 66, 371, 364, 76, 58, 460, 429, 551]
-------------------------------
