Cluster Number 2 : (t:300 400): [11, 13, 14, 17, 20, 24, 27, 30, 32, 37, 40, 48, 54, 55, 66, 72, 74, 78, 79, 80, 86, 89, 100, 102, 103, 110, 119, 125, 138, 151, 154, 191, 210, 214, 236, 264, 301, 327, 335, 351, 364, 399, 425, 439, 452, 453, 454, 455, 456, 457, 459, 460, 461, 462, 464, 471, 493, 538, 539, 540, 8283] ===> 
Cluster Number 4 : (t:400 500): [160, 165, 191, 200, 217]
New Nodes: [160, 165, 200, 217]
Cluster Number 3 : (t:400 500): [19, 27, 28, 36, 40, 54, 57, 72, 74, 78, 80, 97]
New Nodes: [19, 28, 36, 57, 97]
Cluster Number 2 : (t:400 500): [8, 14, 20, 24, 39, 41, 55, 71, 138, 274, 327, 343, 351, 363, 366, 402, 425, 446, 453, 459, 461, 464, 488, 491, 497, 510, 512, 513, 535, 540, 541, 1076]
New Nodes: [8, 39, 41, 71, 274, 343, 363, 366, 402, 446, 488, 491, 497, 510, 512, 513, 535, 541, 1076]
Cluster Number 1 : (t:400 500): [3, 4, 6, 7, 10, 11, 31, 46, 50, 67, 70, 73, 75, 76, 79, 85, 86, 100, 103, 105, 112, 124, 128, 151, 157, 236, 253, 264, 298, 306]
New Nodes: [3, 4, 6, 7, 10, 31, 46, 50, 67, 70, 73, 75, 76, 85, 105, 112, 124, 128, 157, 253, 298, 306]
-------------------------------
Cluster Number 1 : (t:300 400): [7, 8, 10] ===> 
Cluster Number 2 : (t:400 500): [8, 14, 20, 24, 39, 41, 55, 71, 138, 274, 327, 343, 351, 363, 366, 402, 425, 446, 453, 459, 461, 464, 488, 491, 497, 510, 512, 513, 535, 540, 541, 1076]
New Nodes: [14, 20, 24, 39, 41, 55, 71, 138, 274, 327, 343, 351, 363, 366, 402, 425, 446, 453, 459, 461, 464, 488, 491, 497, 510, 512, 513, 535, 540, 541, 1076]
Cluster Number 1 : (t:400 500): [3, 4, 6, 7, 10, 11, 31, 46, 50, 67, 70, 73, 75, 76, 79, 85, 86, 100, 103, 105, 112, 124, 128, 151, 157, 236, 253, 264, 298, 306]
New Nodes: [3, 4, 6, 11, 31, 46, 50, 67, 70, 73, 75, 76, 79, 85, 86, 100, 103, 105, 112, 124, 128, 151, 157, 236, 253, 264, 298, 306]
-------------------------------
