Cluster Number 3  (t:700 800): [83, 34, 19, 84] ===> 
Cluster Number 1  (t:800 900): [14, 32, 19, 29, 85, 25, 53, 70, 51, 5, 7, 86, 79, 27, 81, 92, 87, 21, 22, 52, 146, 43, 50, 148, 150, 93, 23, 49, 151, 57, 88, 28, 34, 36, 16, 18, 144, 89, 152, 157, 158, 9, 10, 159, 141, 154, 166]
New Nodes: [14, 32, 29, 85, 25, 53, 70, 51, 5, 7, 86, 79, 27, 81, 92, 87, 21, 22, 52, 146, 43, 50, 148, 150, 93, 23, 49, 151, 57, 88, 28, 36, 16, 18, 144, 89, 152, 157, 158, 9, 10, 159, 141, 154, 166]
-------------------------------
Cluster Number 1  (t:700 800): [36, 53, 6, 29, 60, 5, 37, 7, 38, 39, 8, 32, 9, 25, 71, 54, 3, 16, 4, 40, 72, 10, 41, 74, 11, 12, 13, 75, 27, 23, 77, 78, 42, 43, 44, 45, 64, 24, 76, 79, 82, 46, 47, 90, 14, 66, 15, 80, 28, 58, 92, 22, 48, 26, 49, 17, 129, 18, 50] ===> 
Cluster Number 2  (t:800 900): [60, 46, 3, 76, 40, 66, 153, 125]
New Nodes: [153, 125]
Cluster Number 3  (t:800 900): [71, 162]
New Nodes: [162]
Cluster Number 4  (t:800 900): [129, 20, 59, 38]
New Nodes: [20, 59]
Cluster Number 1  (t:800 900): [14, 32, 19, 29, 85, 25, 53, 70, 51, 5, 7, 86, 79, 27, 81, 92, 87, 21, 22, 52, 146, 43, 50, 148, 150, 93, 23, 49, 151, 57, 88, 28, 34, 36, 16, 18, 144, 89, 152, 157, 158, 9, 10, 159, 141, 154, 166]
New Nodes: [19, 85, 70, 51, 86, 81, 87, 21, 52, 146, 148, 150, 93, 151, 57, 88, 34, 144, 89, 152, 157, 158, 159, 141, 154, 166]
-------------------------------
