Cluster Number 2  (t:800 900): [60, 46, 3, 76, 40, 66, 153, 125] ===> 
Cluster Number 1  (t:900 1000): [92, 152, 19, 166, 23, 49, 129, 162, 38, 167, 32, 78, 28, 22, 57, 89, 18, 137, 46, 88, 26, 153, 35, 91, 127, 174, 9, 128, 155, 80, 34, 14, 74, 160, 5]
New Nodes: [92, 152, 19, 166, 23, 49, 129, 162, 38, 167, 32, 78, 28, 22, 57, 89, 18, 137, 88, 26, 35, 91, 127, 174, 9, 128, 155, 80, 34, 14, 74, 160, 5]
-------------------------------
Cluster Number 3  (t:800 900): [71, 162] ===> 
Cluster Number 1  (t:900 1000): [92, 152, 19, 166, 23, 49, 129, 162, 38, 167, 32, 78, 28, 22, 57, 89, 18, 137, 46, 88, 26, 153, 35, 91, 127, 174, 9, 128, 155, 80, 34, 14, 74, 160, 5]
New Nodes: [92, 152, 19, 166, 23, 49, 129, 38, 167, 32, 78, 28, 22, 57, 89, 18, 137, 46, 88, 26, 153, 35, 91, 127, 174, 9, 128, 155, 80, 34, 14, 74, 160, 5]
-------------------------------
Cluster Number 4  (t:800 900): [129, 20, 59, 38] ===> 
Cluster Number 1  (t:900 1000): [92, 152, 19, 166, 23, 49, 129, 162, 38, 167, 32, 78, 28, 22, 57, 89, 18, 137, 46, 88, 26, 153, 35, 91, 127, 174, 9, 128, 155, 80, 34, 14, 74, 160, 5]
New Nodes: [92, 152, 19, 166, 23, 49, 162, 167, 32, 78, 28, 22, 57, 89, 18, 137, 46, 88, 26, 153, 35, 91, 127, 174, 9, 128, 155, 80, 34, 14, 74, 160, 5]
-------------------------------
Cluster Number 1  (t:800 900): [14, 32, 19, 29, 85, 25, 53, 70, 51, 5, 7, 86, 79, 27, 81, 92, 87, 21, 22, 52, 146, 43, 50, 148, 150, 93, 23, 49, 151, 57, 88, 28, 34, 36, 16, 18, 144, 89, 152, 157, 158, 9, 10, 159, 141, 154, 166] ===> 
Cluster Number 2  (t:900 1000): [67, 25]
New Nodes: [67]
Cluster Number 3  (t:900 1000): [146, 126, 93, 13, 170, 79]
New Nodes: [126, 13, 170]
Cluster Number 4  (t:900 1000): [27, 47, 36, 8, 7, 70, 16, 145, 10]
New Nodes: [47, 8, 145]
Cluster Number 1  (t:900 1000): [92, 152, 19, 166, 23, 49, 129, 162, 38, 167, 32, 78, 28, 22, 57, 89, 18, 137, 46, 88, 26, 153, 35, 91, 127, 174, 9, 128, 155, 80, 34, 14, 74, 160, 5]
New Nodes: [129, 162, 38, 167, 78, 137, 46, 26, 153, 35, 91, 127, 174, 128, 155, 80, 74, 160]
-------------------------------
