Cluster Number 2  (t:250 300): [500, 321, 24, 19, 57, 30, 27, 54, 533, 16, 501, 13, 48, 453, 439, 8285] ===> 
Cluster Number 2  (t:300 350): [540, 453, 27, 459, 460, 40, 439, 454, 461, 13, 236, 24, 138, 462, 7, 335, 11, 30, 10, 452, 191, 17, 74, 214, 14, 66, 456, 72, 457, 54]
New Nodes: [540, 459, 460, 40, 454, 461, 236, 138, 462, 7, 335, 11, 10, 452, 191, 17, 74, 214, 14, 66, 456, 72, 457]
Cluster Number 1  (t:300 350): [264, 48]
New Nodes: [264]
-------------------------------
Cluster Number 4  (t:250 300): [514, 74] ===> 
Cluster Number 2  (t:300 350): [540, 453, 27, 459, 460, 40, 439, 454, 461, 13, 236, 24, 138, 462, 7, 335, 11, 30, 10, 452, 191, 17, 74, 214, 14, 66, 456, 72, 457, 54]
New Nodes: [540, 453, 27, 459, 460, 40, 439, 454, 461, 13, 236, 24, 138, 462, 7, 335, 11, 30, 10, 452, 191, 17, 214, 14, 66, 456, 72, 457, 54]
-------------------------------
Cluster Number 1  (t:250 300): [78, 7, 67, 498, 454, 10, 425, 103, 1091, 26, 138, 73, 109, 55, 66, 86, 371, 364, 76, 58, 460, 14, 429, 551] ===> 
Cluster Number 2  (t:300 350): [540, 453, 27, 459, 460, 40, 439, 454, 461, 13, 236, 24, 138, 462, 7, 335, 11, 30, 10, 452, 191, 17, 74, 214, 14, 66, 456, 72, 457, 54]
New Nodes: [540, 453, 27, 459, 40, 439, 461, 13, 236, 24, 462, 335, 11, 30, 452, 191, 17, 74, 214, 456, 72, 457, 54]
Cluster Number 3  (t:300 350): [100, 351, 55, 86, 455, 78, 151, 102, 399, 425, 110, 80]
New Nodes: [100, 351, 455, 151, 102, 399, 110, 80]
-------------------------------
