Cluster Number 3  (t:50 100): [103, 476, 78, 475, 460, 291, 364, 17, 100, 89, 106, 109, 80, 157, 171, 478, 479, 480, 31, 16, 6, 264, 466, 74, 250, 67, 112, 467, 367] ===> 
Cluster Number 2  (t:100 150): [466, 214, 109, 13, 425, 100, 82, 80]
New Nodes: [214, 13, 425, 82]
Cluster Number 3  (t:100 150): [8, 14, 453, 76, 210, 429, 110, 515, 503, 77, 58, 106, 114, 7, 351, 102, 506]
New Nodes: [8, 14, 453, 76, 210, 429, 110, 515, 503, 77, 58, 114, 7, 351, 102, 506]
Cluster Number 4  (t:100 150): [516, 48, 365, 462, 505, 6, 523]
New Nodes: [516, 48, 365, 462, 505, 523]
Cluster Number 1  (t:100 150): [55, 367, 67, 31, 535, 193, 30, 124]
New Nodes: [55, 535, 193, 30, 124]
-------------------------------
Cluster Number 4  (t:50 100): [214] ===> 
Cluster Number 2  (t:100 150): [466, 214, 109, 13, 425, 100, 82, 80]
New Nodes: [466, 109, 13, 425, 100, 82, 80]
-------------------------------
Cluster Number 1  (t:50 100): [120, 8282, 14, 19, 110, 425, 13, 462, 77, 45] ===> 
Cluster Number 2  (t:100 150): [466, 214, 109, 13, 425, 100, 82, 80]
New Nodes: [466, 214, 109, 100, 82, 80]
Cluster Number 3  (t:100 150): [8, 14, 453, 76, 210, 429, 110, 515, 503, 77, 58, 106, 114, 7, 351, 102, 506]
New Nodes: [8, 453, 76, 210, 429, 515, 503, 58, 106, 114, 7, 351, 102, 506]
Cluster Number 4  (t:100 150): [516, 48, 365, 462, 505, 6, 523]
New Nodes: [516, 48, 365, 505, 6, 523]
-------------------------------
