Cluster Number 2  (t:1000 1100): [13] ===> 
Cluster Number 1  (t:1100 1200): [27, 213, 11, 218, 151, 220, 216, 249, 3, 221, 18, 10, 215, 182, 222, 93, 43, 89, 251, 86, 138, 13, 46, 8, 36, 22, 112, 223, 41, 188, 25, 28, 78, 72, 19, 142, 54, 224, 225, 7, 153, 24, 35, 39, 32, 126, 176, 195, 53, 5, 189, 40, 16, 127, 38, 49, 196, 26, 194, 197]
New Nodes: [27, 213, 11, 218, 151, 220, 216, 249, 3, 221, 18, 10, 215, 182, 222, 93, 43, 89, 251, 86, 138, 46, 8, 36, 22, 112, 223, 41, 188, 25, 28, 78, 72, 19, 142, 54, 224, 225, 7, 153, 24, 35, 39, 32, 126, 176, 195, 53, 5, 189, 40, 16, 127, 38, 49, 196, 26, 194, 197]
-------------------------------
Cluster Number 3  (t:1000 1100): [167, 4, 88, 152, 64, 173, 20, 155, 58, 102] ===> 
Cluster Number 2  (t:1100 1200): [20, 57]
New Nodes: [57]
-------------------------------
Cluster Number 4  (t:1000 1100): [213, 23] ===> 
Cluster Number 1  (t:1100 1200): [27, 213, 11, 218, 151, 220, 216, 249, 3, 221, 18, 10, 215, 182, 222, 93, 43, 89, 251, 86, 138, 13, 46, 8, 36, 22, 112, 223, 41, 188, 25, 28, 78, 72, 19, 142, 54, 224, 225, 7, 153, 24, 35, 39, 32, 126, 176, 195, 53, 5, 189, 40, 16, 127, 38, 49, 196, 26, 194, 197]
New Nodes: [27, 11, 218, 151, 220, 216, 249, 3, 221, 18, 10, 215, 182, 222, 93, 43, 89, 251, 86, 138, 13, 46, 8, 36, 22, 112, 223, 41, 188, 25, 28, 78, 72, 19, 142, 54, 224, 225, 7, 153, 24, 35, 39, 32, 126, 176, 195, 53, 5, 189, 40, 16, 127, 38, 49, 196, 26, 194, 197]
-------------------------------
Cluster Number 5  (t:1000 1100): [165, 66, 151, 193, 8, 80, 39, 3, 186, 11, 187, 17, 31, 89, 50] ===> 
Cluster Number 1  (t:1100 1200): [27, 213, 11, 218, 151, 220, 216, 249, 3, 221, 18, 10, 215, 182, 222, 93, 43, 89, 251, 86, 138, 13, 46, 8, 36, 22, 112, 223, 41, 188, 25, 28, 78, 72, 19, 142, 54, 224, 225, 7, 153, 24, 35, 39, 32, 126, 176, 195, 53, 5, 189, 40, 16, 127, 38, 49, 196, 26, 194, 197]
New Nodes: [27, 213, 218, 220, 216, 249, 221, 18, 10, 215, 182, 222, 93, 43, 251, 86, 138, 13, 46, 36, 22, 112, 223, 41, 188, 25, 28, 78, 72, 19, 142, 54, 224, 225, 7, 153, 24, 35, 32, 126, 176, 195, 53, 5, 189, 40, 16, 127, 38, 49, 196, 26, 194, 197]
-------------------------------
Cluster Number 1  (t:1000 1100): [25, 153, 28, 22, 161, 126, 162, 49, 146, 174, 166, 57, 156, 73, 24, 172, 46, 86, 78, 43, 41, 18, 171, 9, 175, 19, 182, 65, 176, 40, 32, 93, 16, 34, 10, 7, 142, 177, 178, 179, 180, 27, 215, 184, 38, 181] ===> 
Cluster Number 2  (t:1100 1200): [20, 57]
New Nodes: [20]
Cluster Number 1  (t:1100 1200): [27, 213, 11, 218, 151, 220, 216, 249, 3, 221, 18, 10, 215, 182, 222, 93, 43, 89, 251, 86, 138, 13, 46, 8, 36, 22, 112, 223, 41, 188, 25, 28, 78, 72, 19, 142, 54, 224, 225, 7, 153, 24, 35, 39, 32, 126, 176, 195, 53, 5, 189, 40, 16, 127, 38, 49, 196, 26, 194, 197]
New Nodes: [213, 11, 218, 151, 220, 216, 249, 3, 221, 222, 89, 251, 138, 13, 8, 36, 112, 223, 188, 72, 54, 224, 225, 35, 39, 195, 53, 5, 189, 127, 196, 26, 194, 197]
-------------------------------
