Cluster Number 3 : (t:200 250): [487, 488, 489, 496, 497, 501, 528, 529, 8286] ===> 
Cluster Number 5 : (t:250 300): [86, 103, 109, 138, 321, 364, 485, 498, 501, 514, 533, 1091]
New Nodes: [86, 103, 109, 138, 321, 364, 485, 498, 514, 533, 1091]
-------------------------------
Cluster Number 2 : (t:200 250): [9, 10, 71, 89, 91, 100, 104, 191, 253, 335, 351, 363, 366, 385, 425, 453, 457, 461, 462, 472] ===> 
Cluster Number 2 : (t:250 300): [10, 13, 14]
New Nodes: [13, 14]
Cluster Number 1 : (t:250 300): [7, 58, 371, 425, 429, 439, 453, 454, 460, 500]
New Nodes: [7, 58, 371, 429, 439, 454, 460, 500]
-------------------------------
Cluster Number 1 : (t:200 250): [6, 7, 14, 19, 20, 24, 28, 41, 45, 55, 74, 77, 80, 86, 151, 154] ===> 
Cluster Number 5 : (t:250 300): [86, 103, 109, 138, 321, 364, 485, 498, 501, 514, 533, 1091]
New Nodes: [103, 109, 138, 321, 364, 485, 498, 501, 514, 533, 1091]
Cluster Number 3 : (t:250 300): [16, 19, 24, 26, 27, 30, 48, 54, 55, 57, 74, 76, 78, 551, 8285]
New Nodes: [16, 26, 27, 30, 48, 54, 57, 76, 78, 551, 8285]
Cluster Number 2 : (t:250 300): [10, 13, 14]
New Nodes: [10, 13]
Cluster Number 1 : (t:250 300): [7, 58, 371, 425, 429, 439, 453, 454, 460, 500]
New Nodes: [58, 371, 425, 429, 439, 453, 454, 460, 500]
-------------------------------
