Cluster Number 1 (t:0 50): [100, 107, 163, 429, 76] ===> 
Cluster Number 3 (t:50 100): [100, 103, 106, 109, 110, 157, 17, 171, 19, 291, 364, 460, 475, 476, 478, 479, 480, 78, 89]
New Nodes: [103, 106, 109, 110, 157, 17, 171, 19, 291, 364, 460, 475, 476, 478, 479, 480, 78, 89]
-------------------------------
Cluster Number 2 (t:0 50): [123, 124, 191, 2, 214, 301, 464, 6, 8282] ===> 
Cluster Number 5 (t:50 100): [214, 367, 45, 77]
New Nodes: [367, 45, 77]
Cluster Number 1 (t:50 100): [120, 8282]
New Nodes: [120]
Cluster Number 4 (t:50 100): [112, 13, 14, 16, 250, 264, 31, 425, 462, 466, 467, 6, 67, 74, 80]
New Nodes: [112, 13, 14, 16, 250, 264, 31, 425, 462, 466, 467, 67, 74, 80]
-------------------------------
Cluster Number 3 (t:0 50): [10, 101, 102, 103, 104, 105, 106, 108, 109, 110, 111, 112, 113, 114, 115, 116, 117, 118, 119, 120, 121, 122, 13, 14, 16, 28, 30, 67, 94] ===> 
Cluster Number 1 (t:50 100): [120, 8282]
New Nodes: [8282]
Cluster Number 2 (t:50 100): [72, 94]
New Nodes: [72]
Cluster Number 3 (t:50 100): [100, 103, 106, 109, 110, 157, 17, 171, 19, 291, 364, 460, 475, 476, 478, 479, 480, 78, 89]
New Nodes: [100, 157, 17, 171, 19, 291, 364, 460, 475, 476, 478, 479, 480, 78, 89]
Cluster Number 4 (t:50 100): [112, 13, 14, 16, 250, 264, 31, 425, 462, 466, 467, 6, 67, 74, 80]
New Nodes: [250, 264, 31, 425, 462, 466, 467, 6, 74, 80]
-------------------------------
