Cluster Number 2  (t:500 600): [40, 55, 10, 86, 14, 46, 146, 52, 186, 25, 243, 442, 151, 35, 89, 105, 446, 443, 48, 72, 450, 160, 5, 425, 447, 448, 77, 157, 137, 15, 445, 449, 112, 95, 210, 207] ===> 
Cluster Number 1  (t:600 700): [80, 54, 86, 160, 306, 65, 39, 35, 19, 545, 8, 28, 89, 14, 85, 443, 355, 90, 128, 550, 44, 10, 73, 217, 546, 17, 547, 540, 548, 79, 5, 549, 103, 9, 94, 3, 4, 7, 16, 13, 37, 27, 32, 18, 46, 98, 61, 26, 33, 62, 95, 99, 60, 25, 20, 24, 55, 63, 56, 97, 57, 49, 53]
New Nodes: [80, 54, 306, 65, 39, 19, 545, 8, 28, 85, 355, 90, 128, 550, 44, 73, 217, 546, 17, 547, 540, 548, 79, 549, 103, 9, 94, 3, 4, 7, 16, 13, 37, 27, 32, 18, 98, 61, 26, 33, 62, 99, 60, 20, 24, 63, 56, 97, 57, 49, 53]
-------------------------------
Cluster Number 3  (t:500 600): [13, 3, 24, 4, 22, 542, 543, 56, 124, 57, 253, 78, 26, 341, 332, 41, 16, 70, 6, 37, 7, 174, 125, 544, 200, 18] ===> 
Cluster Number 1  (t:600 700): [80, 54, 86, 160, 306, 65, 39, 35, 19, 545, 8, 28, 89, 14, 85, 443, 355, 90, 128, 550, 44, 10, 73, 217, 546, 17, 547, 540, 548, 79, 5, 549, 103, 9, 94, 3, 4, 7, 16, 13, 37, 27, 32, 18, 46, 98, 61, 26, 33, 62, 95, 99, 60, 25, 20, 24, 55, 63, 56, 97, 57, 49, 53]
New Nodes: [80, 54, 86, 160, 306, 65, 39, 35, 19, 545, 8, 28, 89, 14, 85, 443, 355, 90, 128, 550, 44, 10, 73, 217, 546, 17, 547, 540, 548, 79, 5, 549, 103, 9, 94, 27, 32, 46, 98, 61, 33, 62, 95, 99, 60, 25, 20, 55, 63, 97, 49, 53]
-------------------------------
Cluster Number 4  (t:500 600): [165, 54, 50] ===> 
Cluster Number 1  (t:600 700): [80, 54, 86, 160, 306, 65, 39, 35, 19, 545, 8, 28, 89, 14, 85, 443, 355, 90, 128, 550, 44, 10, 73, 217, 546, 17, 547, 540, 548, 79, 5, 549, 103, 9, 94, 3, 4, 7, 16, 13, 37, 27, 32, 18, 46, 98, 61, 26, 33, 62, 95, 99, 60, 25, 20, 24, 55, 63, 56, 97, 57, 49, 53]
New Nodes: [80, 86, 160, 306, 65, 39, 35, 19, 545, 8, 28, 89, 14, 85, 443, 355, 90, 128, 550, 44, 10, 73, 217, 546, 17, 547, 540, 548, 79, 5, 549, 103, 9, 94, 3, 4, 7, 16, 13, 37, 27, 32, 18, 46, 98, 61, 26, 33, 62, 95, 99, 60, 25, 20, 24, 55, 63, 56, 97, 57, 49, 53]
-------------------------------
Cluster Number 1  (t:500 600): [248, 298, 365, 492, 74, 28, 328, 296, 47, 399, 250, 73, 138, 340, 27, 225, 20, 11, 71, 274, 493] ===> 
Cluster Number 1  (t:600 700): [80, 54, 86, 160, 306, 65, 39, 35, 19, 545, 8, 28, 89, 14, 85, 443, 355, 90, 128, 550, 44, 10, 73, 217, 546, 17, 547, 540, 548, 79, 5, 549, 103, 9, 94, 3, 4, 7, 16, 13, 37, 27, 32, 18, 46, 98, 61, 26, 33, 62, 95, 99, 60, 25, 20, 24, 55, 63, 56, 97, 57, 49, 53]
New Nodes: [80, 54, 86, 160, 306, 65, 39, 35, 19, 545, 8, 89, 14, 85, 443, 355, 90, 128, 550, 44, 10, 217, 546, 17, 547, 540, 548, 79, 5, 549, 103, 9, 94, 3, 4, 7, 16, 13, 37, 32, 18, 46, 98, 61, 26, 33, 62, 95, 99, 60, 25, 24, 55, 63, 56, 97, 57, 49, 53]
-------------------------------
