Cluster Number 2  (t:900 1000): [67, 25] ===> 
Cluster Number 1  (t:1000 1100): [25, 153, 28, 22, 161, 126, 162, 49, 146, 174, 166, 57, 156, 73, 24, 172, 46, 86, 78, 43, 41, 18, 171, 9, 175, 19, 182, 65, 176, 40, 32, 93, 16, 34, 10, 7, 142, 177, 178, 179, 180, 27, 215, 184, 38, 181]
New Nodes: [153, 28, 22, 161, 126, 162, 49, 146, 174, 166, 57, 156, 73, 24, 172, 46, 86, 78, 43, 41, 18, 171, 9, 175, 19, 182, 65, 176, 40, 32, 93, 16, 34, 10, 7, 142, 177, 178, 179, 180, 27, 215, 184, 38, 181]
-------------------------------
Cluster Number 3  (t:900 1000): [146, 126, 93, 13, 170, 79] ===> 
Cluster Number 2  (t:1000 1100): [13]
New Nodes: []
Cluster Number 1  (t:1000 1100): [25, 153, 28, 22, 161, 126, 162, 49, 146, 174, 166, 57, 156, 73, 24, 172, 46, 86, 78, 43, 41, 18, 171, 9, 175, 19, 182, 65, 176, 40, 32, 93, 16, 34, 10, 7, 142, 177, 178, 179, 180, 27, 215, 184, 38, 181]
New Nodes: [25, 153, 28, 22, 161, 162, 49, 174, 166, 57, 156, 73, 24, 172, 46, 86, 78, 43, 41, 18, 171, 9, 175, 19, 182, 65, 176, 40, 32, 16, 34, 10, 7, 142, 177, 178, 179, 180, 27, 215, 184, 38, 181]
-------------------------------
Cluster Number 4  (t:900 1000): [27, 47, 36, 8, 7, 70, 16, 145, 10] ===> 
Cluster Number 5  (t:1000 1100): [165, 66, 151, 193, 8, 80, 39, 3, 186, 11, 187, 17, 31, 89, 50]
New Nodes: [165, 66, 151, 193, 80, 39, 3, 186, 11, 187, 17, 31, 89, 50]
Cluster Number 1  (t:1000 1100): [25, 153, 28, 22, 161, 126, 162, 49, 146, 174, 166, 57, 156, 73, 24, 172, 46, 86, 78, 43, 41, 18, 171, 9, 175, 19, 182, 65, 176, 40, 32, 93, 16, 34, 10, 7, 142, 177, 178, 179, 180, 27, 215, 184, 38, 181]
New Nodes: [25, 153, 28, 22, 161, 126, 162, 49, 146, 174, 166, 57, 156, 73, 24, 172, 46, 86, 78, 43, 41, 18, 171, 9, 175, 19, 182, 65, 176, 40, 32, 93, 34, 142, 177, 178, 179, 180, 215, 184, 38, 181]
-------------------------------
Cluster Number 1  (t:900 1000): [92, 152, 19, 166, 23, 49, 129, 162, 38, 167, 32, 78, 28, 22, 57, 89, 18, 137, 46, 88, 26, 153, 35, 91, 127, 174, 9, 128, 155, 80, 34, 14, 74, 160, 5] ===> 
Cluster Number 3  (t:1000 1100): [167, 4, 88, 152, 64, 173, 20, 155, 58, 102]
New Nodes: [4, 64, 173, 20, 58, 102]
Cluster Number 4  (t:1000 1100): [213, 23]
New Nodes: [213]
Cluster Number 5  (t:1000 1100): [165, 66, 151, 193, 8, 80, 39, 3, 186, 11, 187, 17, 31, 89, 50]
New Nodes: [165, 66, 151, 193, 8, 39, 3, 186, 11, 187, 17, 31, 50]
Cluster Number 1  (t:1000 1100): [25, 153, 28, 22, 161, 126, 162, 49, 146, 174, 166, 57, 156, 73, 24, 172, 46, 86, 78, 43, 41, 18, 171, 9, 175, 19, 182, 65, 176, 40, 32, 93, 16, 34, 10, 7, 142, 177, 178, 179, 180, 27, 215, 184, 38, 181]
New Nodes: [25, 161, 126, 146, 156, 73, 24, 172, 86, 43, 41, 171, 175, 182, 65, 176, 40, 93, 16, 10, 7, 142, 177, 178, 179, 180, 27, 215, 184, 181]
-------------------------------
