Cluster Number 2  (t:400 500): [8, 46, 14, 85, 86, 327, 105, 72, 20, 79, 50, 128, 124, 80, 491, 40, 11, 36] ===> 
Cluster Number 2  (t:500 600): [40, 55, 10, 86, 14, 46, 146, 52, 186, 25, 243, 442, 151, 35, 89, 105, 446, 443, 48, 72, 450, 160, 5, 425, 447, 448, 77, 157, 137, 15, 445, 449, 112, 95, 210, 207]
New Nodes: [55, 10, 146, 52, 186, 25, 243, 442, 151, 35, 89, 446, 443, 48, 450, 160, 5, 425, 447, 448, 77, 157, 137, 15, 445, 449, 112, 95, 210, 207]
Cluster Number 3  (t:500 600): [13, 3, 24, 4, 22, 542, 543, 56, 124, 57, 253, 78, 26, 341, 332, 41, 16, 70, 6, 37, 7, 174, 125, 544, 200, 18]
New Nodes: [13, 3, 24, 4, 22, 542, 543, 56, 57, 253, 78, 26, 341, 332, 41, 16, 70, 6, 37, 7, 174, 125, 544, 200, 18]
Cluster Number 4  (t:500 600): [165, 54, 50]
New Nodes: [165, 54]
Cluster Number 1  (t:500 600): [248, 298, 365, 492, 74, 28, 328, 296, 47, 399, 250, 73, 138, 340, 27, 225, 20, 11, 71, 274, 493]
New Nodes: [248, 298, 365, 492, 74, 28, 328, 296, 47, 399, 250, 73, 138, 340, 27, 225, 71, 274, 493]
-------------------------------
Cluster Number 1  (t:400 500): [488, 74, 264, 73, 100, 19, 253, 274, 513, 24, 54, 10, 464, 6, 459, 78, 71, 27, 28, 191, 151, 160, 512, 363, 57, 7, 425, 138, 510, 157, 236, 97, 540, 75, 4, 541, 446, 497, 67, 461, 535, 41, 165, 70, 343, 112, 1076, 103, 351, 55, 217, 306, 402, 31, 366, 453, 200, 3, 298, 39] ===> 
Cluster Number 2  (t:500 600): [40, 55, 10, 86, 14, 46, 146, 52, 186, 25, 243, 442, 151, 35, 89, 105, 446, 443, 48, 72, 450, 160, 5, 425, 447, 448, 77, 157, 137, 15, 445, 449, 112, 95, 210, 207]
New Nodes: [40, 86, 14, 46, 146, 52, 186, 25, 243, 442, 35, 89, 105, 443, 48, 72, 450, 5, 447, 448, 77, 137, 15, 445, 449, 95, 210, 207]
Cluster Number 3  (t:500 600): [13, 3, 24, 4, 22, 542, 543, 56, 124, 57, 253, 78, 26, 341, 332, 41, 16, 70, 6, 37, 7, 174, 125, 544, 200, 18]
New Nodes: [13, 22, 542, 543, 56, 124, 26, 341, 332, 16, 37, 174, 125, 544, 18]
Cluster Number 4  (t:500 600): [165, 54, 50]
New Nodes: [50]
Cluster Number 1  (t:500 600): [248, 298, 365, 492, 74, 28, 328, 296, 47, 399, 250, 73, 138, 340, 27, 225, 20, 11, 71, 274, 493]
New Nodes: [248, 365, 492, 328, 296, 47, 399, 250, 340, 225, 20, 11, 493]
-------------------------------
