Cluster Number 5 (t:50 100): [214, 367, 45, 77] ===> 
Cluster Number 1 (t:100 150): [193, 31, 367, 535, 55, 67]
New Nodes: [193, 31, 535, 55, 67]
Cluster Number 2 (t:100 150): [100, 106, 109, 110, 124, 13, 210, 214, 30, 425, 453, 462, 466, 515, 516, 77, 8, 82]
New Nodes: [100, 106, 109, 110, 124, 13, 210, 30, 425, 453, 462, 466, 515, 516, 8, 82]
-------------------------------
Cluster Number 3 (t:50 100): [100, 103, 106, 109, 110, 157, 17, 171, 19, 291, 364, 460, 475, 476, 478, 479, 480, 78, 89] ===> 
Cluster Number 2 (t:100 150): [100, 106, 109, 110, 124, 13, 210, 214, 30, 425, 453, 462, 466, 515, 516, 77, 8, 82]
New Nodes: [124, 13, 210, 214, 30, 425, 453, 462, 466, 515, 516, 77, 8, 82]
-------------------------------
Cluster Number 4 (t:50 100): [112, 13, 14, 16, 250, 264, 31, 425, 462, 466, 467, 6, 67, 74, 80] ===> 
Cluster Number 5 (t:100 150): [523, 6, 80]
New Nodes: [523]
Cluster Number 1 (t:100 150): [193, 31, 367, 535, 55, 67]
New Nodes: [193, 367, 535, 55]
Cluster Number 2 (t:100 150): [100, 106, 109, 110, 124, 13, 210, 214, 30, 425, 453, 462, 466, 515, 516, 77, 8, 82]
New Nodes: [100, 106, 109, 110, 124, 210, 214, 30, 453, 515, 516, 77, 8, 82]
Cluster Number 3 (t:100 150): [14, 365, 429, 48, 503, 58, 76]
New Nodes: [365, 429, 48, 503, 58, 76]
-------------------------------
