Cluster Number 2  (t:200 300): [10, 55, 454, 57, 27, 103, 73, 66, 371, 364, 460, 429] ===> 
Cluster Number 2  (t:300 400): [540, 453, 27, 459, 460, 40, 439, 454, 461, 13, 236, 24, 138, 462, 7, 335, 11, 30, 10, 452, 191, 17, 100, 351, 55, 86, 74, 214, 455, 78, 14, 66, 151, 102, 399, 425, 456, 72, 457, 54, 110, 80, 8283, 471, 210, 464, 32, 119]
New Nodes: [540, 453, 459, 40, 439, 461, 13, 236, 24, 138, 462, 7, 335, 11, 30, 452, 191, 17, 100, 351, 86, 74, 214, 455, 78, 14, 151, 102, 399, 425, 456, 72, 457, 54, 110, 80, 8283, 471, 210, 464, 32, 119]
Cluster Number 3  (t:300 400): [103, 37, 538, 327, 493, 364, 125, 8, 89, 301, 154, 539, 20, 79]
New Nodes: [37, 538, 327, 493, 125, 8, 89, 301, 154, 539, 20, 79]
-------------------------------
Cluster Number 3  (t:200 300): [26, 13, 76, 58, 551, 485] ===> 
Cluster Number 2  (t:300 400): [540, 453, 27, 459, 460, 40, 439, 454, 461, 13, 236, 24, 138, 462, 7, 335, 11, 30, 10, 452, 191, 17, 100, 351, 55, 86, 74, 214, 455, 78, 14, 66, 151, 102, 399, 425, 456, 72, 457, 54, 110, 80, 8283, 471, 210, 464, 32, 119]
New Nodes: [540, 453, 27, 459, 460, 40, 439, 454, 461, 236, 24, 138, 462, 7, 335, 11, 30, 10, 452, 191, 17, 100, 351, 55, 86, 74, 214, 455, 78, 14, 66, 151, 102, 399, 425, 456, 72, 457, 54, 110, 80, 8283, 471, 210, 464, 32, 119]
-------------------------------
Cluster Number 4  (t:200 300): [54, 16] ===> 
Cluster Number 2  (t:300 400): [540, 453, 27, 459, 460, 40, 439, 454, 461, 13, 236, 24, 138, 462, 7, 335, 11, 30, 10, 452, 191, 17, 100, 351, 55, 86, 74, 214, 455, 78, 14, 66, 151, 102, 399, 425, 456, 72, 457, 54, 110, 80, 8283, 471, 210, 464, 32, 119]
New Nodes: [540, 453, 27, 459, 460, 40, 439, 454, 461, 13, 236, 24, 138, 462, 7, 335, 11, 30, 10, 452, 191, 17, 100, 351, 55, 86, 74, 214, 455, 78, 14, 66, 151, 102, 399, 425, 456, 72, 457, 110, 80, 8283, 471, 210, 464, 32, 119]
-------------------------------
Cluster Number 1  (t:200 300): [80, 8286, 425, 14, 529, 151, 45, 335, 501, 488, 191, 528, 6, 100, 86, 351, 366, 472, 104, 487, 89, 363, 154, 461, 41, 253, 28, 19, 9, 462, 20, 489, 457, 91, 74, 7, 71, 385, 77, 453, 24, 496, 497, 78, 67, 498, 500, 321, 30, 533, 1091, 48, 138, 109, 514, 439, 8285] ===> 
Cluster Number 2  (t:300 400): [540, 453, 27, 459, 460, 40, 439, 454, 461, 13, 236, 24, 138, 462, 7, 335, 11, 30, 10, 452, 191, 17, 100, 351, 55, 86, 74, 214, 455, 78, 14, 66, 151, 102, 399, 425, 456, 72, 457, 54, 110, 80, 8283, 471, 210, 464, 32, 119]
New Nodes: [540, 27, 459, 460, 40, 454, 13, 236, 11, 10, 452, 17, 55, 214, 455, 66, 102, 399, 456, 72, 54, 110, 8283, 471, 210, 464, 32, 119]
Cluster Number 3  (t:300 400): [103, 37, 538, 327, 493, 364, 125, 8, 89, 301, 154, 539, 20, 79]
New Nodes: [103, 37, 538, 327, 493, 364, 125, 8, 301, 539, 79]
Cluster Number 1  (t:300 400): [264, 48]
New Nodes: [264]
-------------------------------
