Cluster Number 5 (t:250 300): [109, 13, 138, 14, 429, 439, 453, 48, 551, 58, 73, 76] ===> 
Cluster Number 1 (t:300 350): [264, 48, 540]
New Nodes: [264, 540]
Cluster Number 2 (t:300 350): [11, 14, 236, 27, 30, 335, 40, 439, 459, 460, 461, 462, 54, 72]
New Nodes: [11, 236, 27, 30, 335, 40, 459, 460, 461, 462, 54, 72]
Cluster Number 3 (t:300 350): [10, 100, 102, 110, 13, 138, 151, 17, 191, 214, 24, 351, 399, 425, 452, 453, 454, 455, 456, 457, 55, 66, 7, 74, 78, 80, 86]
New Nodes: [10, 100, 102, 110, 151, 17, 191, 214, 24, 351, 399, 425, 452, 454, 455, 456, 457, 55, 66, 7, 74, 78, 80, 86]
-------------------------------
Cluster Number 6 (t:250 300): [364, 371, 425, 460, 514, 55, 66, 74, 86] ===> 
Cluster Number 2 (t:300 350): [11, 14, 236, 27, 30, 335, 40, 439, 459, 460, 461, 462, 54, 72]
New Nodes: [11, 14, 236, 27, 30, 335, 40, 439, 459, 461, 462, 54, 72]
Cluster Number 3 (t:300 350): [10, 100, 102, 110, 13, 138, 151, 17, 191, 214, 24, 351, 399, 425, 452, 453, 454, 455, 456, 457, 55, 66, 7, 74, 78, 80, 86]
New Nodes: [10, 100, 102, 110, 13, 138, 151, 17, 191, 214, 24, 351, 399, 452, 453, 454, 455, 456, 457, 7, 78, 80]
-------------------------------
Cluster Number 7 (t:250 300): [10, 30, 485, 8285] ===> 
Cluster Number 2 (t:300 350): [11, 14, 236, 27, 30, 335, 40, 439, 459, 460, 461, 462, 54, 72]
New Nodes: [11, 14, 236, 27, 335, 40, 439, 459, 460, 461, 462, 54, 72]
Cluster Number 3 (t:300 350): [10, 100, 102, 110, 13, 138, 151, 17, 191, 214, 24, 351, 399, 425, 452, 453, 454, 455, 456, 457, 55, 66, 7, 74, 78, 80, 86]
New Nodes: [100, 102, 110, 13, 138, 151, 17, 191, 214, 24, 351, 399, 425, 452, 453, 454, 455, 456, 457, 55, 66, 7, 74, 78, 80, 86]
-------------------------------
Cluster Number 1 (t:250 300): [498, 67, 7, 78] ===> 
Cluster Number 3 (t:300 350): [10, 100, 102, 110, 13, 138, 151, 17, 191, 214, 24, 351, 399, 425, 452, 453, 454, 455, 456, 457, 55, 66, 7, 74, 78, 80, 86]
New Nodes: [10, 100, 102, 110, 13, 138, 151, 17, 191, 214, 24, 351, 399, 425, 452, 453, 454, 455, 456, 457, 55, 66, 74, 80, 86]
-------------------------------
Cluster Number 2 (t:250 300): [19, 24, 27, 321, 454, 500, 501, 57] ===> 
Cluster Number 2 (t:300 350): [11, 14, 236, 27, 30, 335, 40, 439, 459, 460, 461, 462, 54, 72]
New Nodes: [11, 14, 236, 30, 335, 40, 439, 459, 460, 461, 462, 54, 72]
Cluster Number 3 (t:300 350): [10, 100, 102, 110, 13, 138, 151, 17, 191, 214, 24, 351, 399, 425, 452, 453, 454, 455, 456, 457, 55, 66, 7, 74, 78, 80, 86]
New Nodes: [10, 100, 102, 110, 13, 138, 151, 17, 191, 214, 351, 399, 425, 452, 453, 455, 456, 457, 55, 66, 7, 74, 78, 80, 86]
-------------------------------
Cluster Number 3 (t:250 300): [103, 16, 533, 54] ===> 
Cluster Number 2 (t:300 350): [11, 14, 236, 27, 30, 335, 40, 439, 459, 460, 461, 462, 54, 72]
New Nodes: [11, 14, 236, 27, 30, 335, 40, 439, 459, 460, 461, 462, 72]
-------------------------------
