488,74
264,74
73,74
100,74
19,74
253,74
274,74
488,513
74,513
24,513
54,513
10,513
464,513
6,74
459,513
78,513
71,513
27,513
28,74
191,74
151,513
160,74
512,513
363,74
57,74
7,513
425,513
138,74
510,513
157,513
236,74
97,513
540,74
75,513
4,74
541,74
446,74
497,74
446,513
67,74
461,74
535,74
41,74
165,74
70,74
343,74
112,74
27,1076
74,1076
103,1076
100,1076
351,1076
55,1076
151,1076
217,1076
306,74
402,74
31,74
157,74
366,74
453,74
200,74
3,74
78,298
54,298
39,298
103,298
8,298
57,298
46,298
14,298
10,298
85,298
86,298
327,298
105,298
3,298
72,298
24,298
425,298
20,298
19,298
79,298
50,298
70,298
160,298
6,298
274,298
128,298
100,298
4,298
124,298
80,298
366,298
7,298
27,298
491,298
40,298
41,298
11,298
36,298
76,298