264,48
540,48
453,27
459,27
460,27
40,27
439,27
454,27
461,27
13,27
236,27
24,27
138,27
462,27
7,27
335,27
11,27
30,27
10,27
452,191
17,191
100,191
351,191
55,191
86,191
453,191
24,191
74,191
214,191
13,191
27,191
74,27
454,191
455,191
78,191
138,191
14,27
66,191
151,191
102,191
399,191
425,191
456,191
10,191
7,191
72,27
457,191
54,27
110,191
80,191
80,27
7,8283
24,8283
78,8283
399,8283
74,8283
471,8283
439,8283
425,8283
100,27
210,27
464,8283
151,27
27,8283
32,27
425,27
119,27
24,74
425,74
27,74
54,74
103,74
351,74
30,74
86,74
37,74
538,74
72,74
327,74
78,74
493,74
459,74
66,74
364,74
125,74
8,74
460,74
89,74
301,74
154,74
102,74
13,74
10,74
539,74
7,74
40,74
335,74
151,74
20,74
79,74