101 107 0 1
114 107 1 1
2 107 2 1
123 107 3 1
109 107 4 1
464 8282 5 1
301 8282 6 1
30 94 7 1
101 94 8 1
102 94 9 1
114 94 10 1
123 8282 11 1
107 8282 12 1
14 94 13 1
115 94 14 1
103 94 15 1
2 8282 16 1
16 94 17 1
16 107 18 1
104 94 19 1
105 94 20 1
76 107 21 1
94 107 22 1
124 8282 23 1
67 94 24 1
116 94 25 1
100 107 26 1
117 94 27 1
118 94 28 1
6 8282 29 1
106 94 30 1
214 8282 31 1
107 94 32 1
108 94 33 1
109 94 34 1
10 94 35 1
110 94 36 1
119 94 37 1
111 94 38 1
13 94 39 1
120 94 40 1
163 107 41 1
121 94 42 1
112 94 43 1
191 8282 44 1
429 107 45 1
28 94 46 1
122 94 47 1
123 94 48 1
113 94 49 1
120 8282 50 1
72 94 51 1
103 476 52 1
78 476 53 1
475 476 54 1
460 476 55 1
291 476 56 1
14 476 57 1
364 476 58 1
17 476 59 1
100 476 60 1
89 476 61 1
106 476 62 1
109 476 63 1
80 476 64 1
19 476 65 1
110 476 66 1
157 476 67 1
171 476 68 1
425 476 69 1
13 476 70 1
120 476 71 1
478 476 72 1
479 476 73 1
480 476 74 1
13 31 75 1
462 31 76 1
16 31 77 1
6 31 78 1
264 31 79 1
80 31 80 1
466 31 81 1
74 31 82 1
250 31 83 1
14 31 84 1
67 31 85 1
425 31 86 1
112 31 87 1
467 31 88 1
466 367 89 1
19 367 90 1
462 367 91 1
14 367 92 1
103 367 93 1
425 367 94 1
77 367 95 1
120 367 96 1
45 367 97 1
13 367 98 1
214 367 99 1
55 367 100 1
67 367 101 1
31 367 102 1
535 367 103 1
193 367 104 1
30 516 105 1
124 516 106 1
466 516 107 1
8 516 108 1
214 516 109 1
109 516 110 1
31 516 111 1
13 48 112 1
365 48 113 1
14 48 114 1
453 516 115 1
13 516 116 1
76 48 117 1
55 48 118 1
210 516 119 1
429 48 120 1
110 516 121 1
425 516 122 1
425 48 123 1
100 516 124 1
515 516 125 1
48 516 126 1
503 48 127 1
82 516 128 1
80 516 129 1
77 516 130 1
58 48 131 1
109 48 132 1
106 516 133 1
77 48 134 1
462 516 135 1
425 505 136 1
114 505 137 1
7 505 138 1
30 505 139 1
30 48 140 1
109 505 141 1
351 505 142 1
8 505 143 1
102 505 144 1
506 505 145 1
453 505 146 1
80 505 147 1
6 523 148 1
80 523 149 1
13 523 150 1
518 523 151 1
519 523 152 1
77 523 153 1
16 523 154 1
524 523 155 1
28 523 156 1
109 523 157 1
520 523 158 1
425 523 159 1
7 523 160 1
521 523 161 1
522 523 162 1
120 523 163 1
488 523 164 1
13 8284 165 1
30 8284 166 1
74 8284 167 1
453 523 168 1
112 523 169 1
76 523 170 1
444 523 171 1
112 8284 172 1
109 8284 173 1
120 8284 174 1
27 8284 175 1
13 8286 176 1
41 8286 177 1
493 8286 178 1
55 8286 179 1
124 8286 180 1
10 8286 181 1
106 8286 182 1
77 8286 183 1
462 8286 184 1
109 8286 185 1
526 8286 186 1
112 8286 187 1
453 8286 188 1
527 8286 189 1
78 8286 190 1
30 8286 191 1
67 8286 192 1
82 8286 193 1
11 8286 194 1
365 8286 195 1
103 8286 196 1
530 8286 197 1
461 8286 198 1
371 8286 199 1
80 8286 200 1
425 8286 201 1
14 8286 202 1
529 8286 203 1
151 8286 204 1
45 8286 205 1
335 8286 206 1
501 8286 207 1
488 8286 208 1
191 8286 209 1
528 8286 210 1
6 8286 211 1
100 8286 212 1
86 8286 213 1
351 8286 214 1
366 8286 215 1
472 104 216 1
487 104 217 1
10 104 218 1
89 8286 219 1
363 8286 220 1
154 104 221 1
461 104 222 1
41 104 223 1
253 104 224 1
6 104 225 1
28 104 226 1
19 104 227 1
9 104 228 1
462 104 229 1
80 104 230 1
425 104 231 1
20 104 232 1
488 104 233 1
55 104 234 1
489 104 235 1
457 104 236 1
91 104 237 1
14 104 238 1
74 7 239 1
71 7 240 1
385 7 241 1
77 7 242 1
453 7 243 1
86 7 244 1
24 7 245 1
14 7 246 1
80 7 247 1
496 7 248 1
497 7 249 1
78 7 250 1
67 7 251 1
498 7 252 1
500 321 253 1
454 321 254 1
24 321 255 1
19 321 256 1
57 321 257 1
30 321 258 1
10 321 259 1
27 321 260 1
425 321 261 1
103 54 262 1
533 54 263 1
16 54 264 1
501 321 265 1
10 1091 266 1
26 1091 267 1
13 48 268 1
10 48 269 1
138 48 270 1
73 48 271 1
453 48 272 1
454 1091 273 1
109 1091 274 1
109 48 275 1
7 48 276 1
27 48 277 1
55 514 278 1
103 514 279 1
74 514 280 1
66 514 281 1
86 514 282 1
371 514 283 1
364 514 284 1
76 48 285 1
58 48 286 1
460 514 287 1
78 514 288 1
425 514 289 1
14 48 290 1
30 48 291 1
86 1091 292 1
7 1091 293 1
429 48 294 1
439 48 295 1
10 8285 296 1
551 48 297 1
30 8285 298 1
485 8285 299 1
264 48 300 1
540 48 301 1
453 27 302 1
459 27 303 1
460 27 304 1
40 27 305 1
439 27 306 1
454 27 307 1
461 27 308 1
13 27 309 1
236 27 310 1
24 27 311 1
138 27 312 1
462 27 313 1
7 27 314 1
335 27 315 1
11 27 316 1
30 27 317 1
10 27 318 1
452 191 319 1
17 191 320 1
100 191 321 1
351 191 322 1
55 191 323 1
86 191 324 1
453 191 325 1
24 191 326 1
74 191 327 1
214 191 328 1
13 191 329 1
27 191 330 1
74 27 331 1
454 191 332 1
455 191 333 1
78 191 334 1
138 191 335 1
14 27 336 1
66 191 337 1
151 191 338 1
102 191 339 1
399 191 340 1
425 191 341 1
456 191 342 1
10 191 343 1
7 191 344 1
72 27 345 1
457 191 346 1
54 27 347 1
110 191 348 1
80 191 349 1
80 27 350 1
7 8283 351 1
24 8283 352 1
78 8283 353 1
399 8283 354 1
74 8283 355 1
471 8283 356 1
439 8283 357 1
425 8283 358 1
100 27 359 1
210 27 360 1
464 8283 361 1
151 27 362 1
27 8283 363 1
32 27 364 1
425 27 365 1
119 27 366 1
24 74 367 1
425 74 368 1
27 74 369 1
54 74 370 1
103 74 371 1
351 74 372 1
30 74 373 1
86 74 374 1
37 74 375 1
538 74 376 1
72 74 377 1
327 74 378 1
78 74 379 1
493 74 380 1
459 74 381 1
66 74 382 1
364 74 383 1
125 74 384 1
8 74 385 1
460 74 386 1
89 74 387 1
301 74 388 1
154 74 389 1
102 74 390 1
13 74 391 1
10 74 392 1
539 74 393 1
7 74 394 1
40 74 395 1
335 74 396 1
151 74 397 1
20 74 398 1
79 74 399 1
488 74 400 1
264 74 401 1
73 74 402 1
100 74 403 1
19 74 404 1
253 74 405 1
274 74 406 1
488 513 407 1
74 513 408 1
24 513 409 1
54 513 410 1
10 513 411 1
464 513 412 1
6 74 413 1
459 513 414 1
78 513 415 1
71 513 416 1
27 513 417 1
28 74 417 1
191 74 418 1
151 513 419 1
160 74 420 1
512 513 421 1
363 74 422 1
57 74 423 1
7 513 424 1
425 513 425 1
138 74 426 1
510 513 427 1
157 513 428 1
236 74 429 1
97 513 430 1
540 74 431 1
75 513 432 1
4 74 433 1
541 74 434 1
446 74 435 1
497 74 436 1
446 513 437 1
67 74 438 1
461 74 439 1
535 74 440 1
41 74 441 1
165 74 442 1
70 74 443 1
343 74 444 1
112 74 445 1
27 1076 446 1
74 1076 447 1
103 1076 448 1
100 1076 449 1
351 1076 449 1
55 1076 450 1
151 1076 451 1
217 1076 452 1
306 74 453 1
402 74 454 1
31 74 455 1
157 74 456 1
366 74 457 1
453 74 458 1
200 74 459 1
3 74 460 1
78 298 461 1
54 298 462 1
39 298 463 1
103 298 464 1
8 298 465 1
57 298 466 1
46 298 467 1
14 298 468 1
10 298 469 1
85 298 470 1
86 298 471 1
327 298 472 1
105 298 473 1
3 298 474 1
72 298 475 1
24 298 476 1
425 298 477 1
20 298 478 1
19 298 479 1
79 298 480 1
50 298 481 1
70 298 482 1
160 298 483 1
6 298 484 1
274 298 485 1
128 298 486 1
100 298 487 1
4 298 488 1
124 298 489 1
80 298 490 1
366 298 491 1
7 298 492 1
27 298 493 1
491 298 494 1
40 298 495 1
41 298 496 1
11 298 497 1
36 298 498 1
76 298 499 1
248 298 500 1
365 298 501 1
492 298 502 1
74 298 503 1
28 298 504 1
328 298 505 1
296 298 506 1
47 298 507 1
399 298 508 1
250 298 509 1
73 298 510 1
138 298 511 1
340 298 512 1
13 27 513 1
225 27 514 1
20 27 515 1
3 27 516 1
73 27 517 1
24 27 518 1
40 27 519 1
55 27 520 1
47 27 521 1
11 27 522 1
71 27 523 1
71 298 524 1
10 27 525 1
86 27 526 1
14 27 527 1
46 27 528 1
274 27 529 1
493 298 530 1
365 27 531 1
146 27 532 1
52 27 533 1
186 27 534 1
25 27 535 1
243 27 536 1
442 27 537 1
151 27 538 1
35 27 539 1
89 27 540 1
105 27 541 1
446 27 542 1
443 27 543 1
48 27 544 1
72 27 545 1
450 27 546 1
160 27 547 1
5 27 548 1
425 27 549 1
447 27 550 1
74 27 551 1
448 27 552 1
77 27 553 1
157 27 554 1
137 27 555 1
28 27 556 1
15 27 557 1
445 27 558 1
449 27 559 1
112 27 560 1
95 27 561 1
248 27 562 1
210 27 563 1
207 27 564 1
340 27 565 1
165 27 566 1
25 54 567 1
24 54 568 1
4 54 569 1
22 54 569 1
27 54 570 1
105 54 571 1
542 54 572 1
543 54 573 1
56 54 574 1
137 54 575 1
124 54 576 1
57 54 577 1
253 54 578 1
78 54 579 1
26 54 580 1
341 54 581 1
46 54 582 1
225 54 583 1
332 54 584 1
3 54 585 1
41 54 586 1
151 54 587 1
16 54 588 1
70 54 589 1
6 54 590 1
37 54 591 1
7 54 592 1
174 54 593 1
125 54 594 1
544 54 595 1
200 54 596 1
13 54 597 1
18 54 598 1
50 54 599 1
80 54 600 1
86 54 601 1
160 54 602 1
306 54 603 1
65 54 604 1
39 54 605 1
35 54 606 1
19 54 607 1
545 54 608 1
8 54 609 1
28 54 610 1
89 54 611 1
14 54 612 1
85 54 613 1
443 54 614 1
355 54 615 1
90 54 616 1
128 54 617 1
550 54 618 1
44 54 619 1
10 54 620 1
73 54 621 1
217 54 622 1
546 54 623 1
17 54 624 1
547 54 625 1
540 54 626 1
548 54 627 1
79 54 628 1
5 54 629 1
549 54 630 1
103 54 631 1
8 9 632 1
94 9 633 1
3 9 634 1
4 9 635 1
7 9 636 1
16 9 637 1
13 9 638 1
54 37 639 1
27 37 640 1
35 37 641 1
32 37 642 1
18 37 643 1
46 9 644 1
98 9 645 1
3 37 646 1
5 37 647 1
10 37 648 1
10 9 649 1
61 5 650 1
26 5 651 1
10 5 652 1
33 5 653 1
9 5 654 1
54 5 655 1
27 5 656 1
5 9 657 1
7 5 658 1
62 5 659 1
4 5 660 1
95 9 661 1
99 9 662 1
27 60 663 1
54 60 664 1
25 37 665 1
25 5 666 1
20 60 667 1
24 5 668 1
8 60 669 1
4 60 670 1
10 60 671 1
7 60 672 1
5 60 673 1
28 9 674 1
55 60 675 1
55 5 676 1
9 37 677 1
63 5 678 1
18 5 679 1
18 60 679 1
19 60 680 1
19 5 681 1
56 60 682 1
13 60 683 1
97 9 684 1
57 60 685 1
49 60 686 1
27 53 687 1
32 53 688 1
33 53 689 1
4 53 690 1
19 53 691 1
35 53 692 1
2 29 693 1
2 53 694 1
24 53 695 1
24 29 696 1
34 53 696 1
3 29 697 1
4 29 698 1
5 29 699 1
5 53 699 1
36 53 700 1
6 29 701 1
6 53 702 1
6 60 703 1
6 5 704 1
6 37 705 1
37 53 706 1
7 29 707 1
7 53 707 1
38 53 708 1
39 53 709 1
8 29 710 1
8 53 710 1
32 7 711 1
9 29 712 1
9 53 712 1
9 7 713 1
25 53 713 1
71 7 714 1
54 7 715 1
5 7 716 1
3 7 717 1
16 7 718 1
4 7 719 1
40 53 720 1
72 7 721 1
10 29 722 1
10 53 722 1
10 7 723 1
41 53 724 1
74 7 725 1
11 7 726 1
11 29 727 1
12 29 728 1
13 53 729 1
13 29 730 1
75 7 731 1
27 7 732 1
23 7 733 1
77 7 734 1
78 7 735 1
42 53 736 1
43 53 737 1
44 53 738 1
45 53 739 1
4 37 740 1
64 5 741 1
24 7 742 1
76 7 743 1
79 7 744 1
44 7 745 1
10 32 746 1
82 32 747 1
39 32 748 1
46 7 749 1
46 53 750 1
47 53 751 1
16 32 752 1
8 32 753 1
40 32 754 1
9 32 755 1
90 32 756 1
14 29 757 1
14 53 758 1
66 32 759 1
14 60 760 1
14 37 761 1
15 29 762 1
80 7 763 1
83 32 764 1
34 32 765 1
19 32 766 1
84 32 767 1
4 32 768 1
5 32 769 1
28 7 770 1
7 32 771 1
58 60 772 1
58 32 773 1
16 53 774 1
27 32 775 1
25 32 776 1
5 92 777 1
25 92 778 1
10 92 779 1
22 37 780 1
48 53 781 1
26 92 782 1
24 32 783 1
49 53 784 1
16 29 785 1
65 5 786 1
91 92 787 1
17 29 788 1
4 92 789 1
6 92 790 1
8 129 791 1
4 129 792 1
18 129 793 1
18 29 794 1
18 53 795 1
18 32 796 1
28 129 797 1
50 53 798 1
10 129 799 1
14 32 800 1
19 29 801 1
85 32 802 1
25 129 803 1
20 29 804 1
20 53 805 1
70 32 806 1
51 53 807 1
59 60 808 1
38 5 809 1
46 60 810 1
3 129 811 1
5 129 812 1
7 129 813 1
86 32 814 1
76 129 815 1
79 32 816 1
27 129 817 1
81 92 818 1
87 32 819 1
21 29 820 1
22 29 821 1
22 32 822 1
52 53 823 1
3 146 824 1
43 146 825 1
50 92 826 1
50 32 827 1
148 150 828 1
22 150 829 1
93 150 830 1
93 146 831 1
93 129 832 1
40 150 833 1
93 92 834 1
23 29 835 1
23 53 836 1
23 32 837 1
27 49 838 1
151 49 839 1
85 49 840 1
57 49 841 1
19 150 842 1
19 49 843 1
88 32 844 1
32 49 845 1
28 146 846 1
28 53 847 1
70 92 848 1
70 150 849 1
79 150 850 1
28 150 851 1
28 32 852 1
28 92 852 1
34 49 853 1
36 49 854 1
25 146 855 1
25 150 856 1
25 49 857 1
70 49 858 1
16 49 859 1
18 150 860 1
18 49 861 1
7 49 862 1
28 49 863 1
144 146 864 1
89 32 865 1
46 150 866 1
152 49 867 1
46 49 868 1
157 152 869 1
88 152 870 1
158 152 870 1
57 88 871 1
9 49 872 1
9 129 873 1
9 88 874 1
9 152 875 1
9 146 876 1
10 49 877 1
10 88 878 1
66 152 879 1
10 152 880 1
153 49 881 1
153 152 882 1
71 88 883 1
46 162 884 1
159 152 885 1
141 146 886 1
154 49 886 1
19 152 887 1
10 162 888 1
154 88 889 1
19 88 890 1
25 88 891 1
25 162 892 1
7 162 893 1
7 152 894 1
7 88 895 1
7 166 896 1
32 166 897 1
125 129 898 1
32 146 899 1
92 152 900 1
19 166 901 1
23 49 902 1
23 129 903 1
27 146 904 1
126 129 905 1
27 162 906 1
38 162 907 1
38 167 908 1
67 129 909 1
67 126 910 1
25 126 911 1
38 32 912 1
25 167 913 1
25 166 914 1
78 152 915 1
78 92 916 1
28 126 917 1
28 22 918 1
27 126 919 1
57 22 920 1
38 22 921 1
89 22 922 1
18 22 923 1
18 126 923 1
18 167 924 1
18 162 925 1
137 152 925 1
137 167 926 1
46 167 927 1
137 88 927 1
137 162 928 1
26 166 929 1
26 152 930 1
153 167 931 1
22 126 932 1
38 126 933 1
93 126 934 1
19 167 935 1
93 22 936 1
13 126 937 1
13 129 938 1
170 22 939 1
79 167 940 1
47 167 941 1
32 126 942 1
36 167 943 1
35 88 944 1
35 49 945 1
91 167 946 1
88 167 947 1
8 22 948 1
8 167 949 1
7 22 950 1
7 126 951 1
7 167 952 1
127 126 953 1
127 129 954 1
18 88 955 1
57 166 956 1
46 92 957 1
22 174 958 1
9 22 959 1
26 174 960 1
9 167 961 1
9 162 962 1
9 92 963 1
79 49 964 1
57 92 965 1
128 129 966 1
155 49 967 1
155 167 968 1
25 22 969 1
78 49 970 1
80 174 970 1
80 92 971 1
70 167 972 1
153 22 973 1
16 126 974 1
34 152 975 1
14 22 976 1
22 49 977 1
145 146 978 1
38 49 979 1
38 146 979 1
22 167 980 1
