Cluster Number 5 : (t:250 300): [86, 103, 109, 138, 321, 364, 485, 498, 501, 514, 533, 1091] ===> 
Cluster Number 3 : (t:300 350): [40, 102, 110, 138, 151, 191, 214, 236, 264, 335, 351, 399, 425, 452, 453, 454, 455, 456, 457, 460, 462, 540]
New Nodes: [40, 102, 110, 151, 191, 214, 236, 264, 335, 351, 399, 425, 452, 453, 454, 455, 456, 457, 460, 462, 540]
Cluster Number 2 : (t:300 350): [13, 14, 17, 24, 27, 30, 48, 54, 55, 66, 72, 74, 78, 80, 86, 100, 439, 459, 461]
New Nodes: [13, 14, 17, 24, 27, 30, 48, 54, 55, 66, 72, 74, 78, 80, 100, 439, 459, 461]
-------------------------------
Cluster Number 4 : (t:250 300): [66, 67, 73] ===> 
Cluster Number 2 : (t:300 350): [13, 14, 17, 24, 27, 30, 48, 54, 55, 66, 72, 74, 78, 80, 86, 100, 439, 459, 461]
New Nodes: [13, 14, 17, 24, 27, 30, 48, 54, 55, 72, 74, 78, 80, 86, 100, 439, 459, 461]
-------------------------------
Cluster Number 3 : (t:250 300): [16, 19, 24, 26, 27, 30, 48, 54, 55, 57, 74, 76, 78, 551, 8285] ===> 
Cluster Number 2 : (t:300 350): [13, 14, 17, 24, 27, 30, 48, 54, 55, 66, 72, 74, 78, 80, 86, 100, 439, 459, 461]
New Nodes: [13, 14, 17, 66, 72, 80, 86, 100, 439, 459, 461]
-------------------------------
Cluster Number 2 : (t:250 300): [10, 13, 14] ===> 
Cluster Number 2 : (t:300 350): [13, 14, 17, 24, 27, 30, 48, 54, 55, 66, 72, 74, 78, 80, 86, 100, 439, 459, 461]
New Nodes: [17, 24, 27, 30, 48, 54, 55, 66, 72, 74, 78, 80, 86, 100, 439, 459, 461]
Cluster Number 1 : (t:300 350): [7, 10, 11]
New Nodes: [7, 11]
-------------------------------
Cluster Number 1 : (t:250 300): [7, 58, 371, 425, 429, 439, 453, 454, 460, 500] ===> 
Cluster Number 3 : (t:300 350): [40, 102, 110, 138, 151, 191, 214, 236, 264, 335, 351, 399, 425, 452, 453, 454, 455, 456, 457, 460, 462, 540]
New Nodes: [40, 102, 110, 138, 151, 191, 214, 236, 264, 335, 351, 399, 452, 455, 456, 457, 462, 540]
Cluster Number 2 : (t:300 350): [13, 14, 17, 24, 27, 30, 48, 54, 55, 66, 72, 74, 78, 80, 86, 100, 439, 459, 461]
New Nodes: [13, 14, 17, 24, 27, 30, 48, 54, 55, 66, 72, 74, 78, 80, 86, 100, 459, 461]
Cluster Number 1 : (t:300 350): [7, 10, 11]
New Nodes: [10, 11]
-------------------------------
