Cluster Number 5 : (t:100 200): [124, 193, 210, 214, 351, 365] ===> 
Cluster Number 2 : (t:200 300): [74, 76, 82, 109, 124, 193, 210, 214, 351, 365, 367, 371, 425, 429, 444, 453, 461, 462, 466, 488, 493, 503, 516]
New Nodes: [74, 76, 82, 109, 367, 371, 425, 429, 444, 453, 461, 462, 466, 488, 493, 503, 516]
-------------------------------
Cluster Number 4 : (t:100 200): [14, 41, 48, 55, 67, 76, 78, 82, 103, 109, 110, 112, 367, 371, 425, 429, 444, 453, 461, 462, 466, 488, 493, 503, 505, 506, 515, 516, 518] ===> 
Cluster Number 2 : (t:200 300): [74, 76, 82, 109, 124, 193, 210, 214, 351, 365, 367, 371, 425, 429, 444, 453, 461, 462, 466, 488, 493, 503, 516]
New Nodes: [74, 124, 193, 210, 214, 351, 365]
Cluster Number 1 : (t:200 300): [6, 7, 8, 10, 11, 13, 14, 16, 27, 28, 30, 31, 41, 48, 55, 58, 67, 77, 78, 80, 100, 102, 103, 106, 110, 112, 114, 120, 505, 506, 515, 518, 519, 520, 521, 522, 523, 524, 526, 527, 530, 535, 8284, 8286]
New Nodes: [6, 7, 8, 10, 11, 13, 16, 27, 28, 30, 31, 58, 77, 80, 100, 102, 106, 114, 120, 519, 520, 521, 522, 523, 524, 526, 527, 530, 535, 8284, 8286]
-------------------------------
Cluster Number 3 : (t:100 200): [10, 16, 27, 28, 30, 31, 74, 77, 80, 100, 102, 114, 120] ===> 
Cluster Number 2 : (t:200 300): [74, 76, 82, 109, 124, 193, 210, 214, 351, 365, 367, 371, 425, 429, 444, 453, 461, 462, 466, 488, 493, 503, 516]
New Nodes: [76, 82, 109, 124, 193, 210, 214, 351, 365, 367, 371, 425, 429, 444, 453, 461, 462, 466, 488, 493, 503, 516]
Cluster Number 1 : (t:200 300): [6, 7, 8, 10, 11, 13, 14, 16, 27, 28, 30, 31, 41, 48, 55, 58, 67, 77, 78, 80, 100, 102, 103, 106, 110, 112, 114, 120, 505, 506, 515, 518, 519, 520, 521, 522, 523, 524, 526, 527, 530, 535, 8284, 8286]
New Nodes: [6, 7, 8, 11, 13, 14, 41, 48, 55, 58, 67, 78, 103, 106, 110, 112, 505, 506, 515, 518, 519, 520, 521, 522, 523, 524, 526, 527, 530, 535, 8284, 8286]
-------------------------------
Cluster Number 2 : (t:100 200): [7, 8, 11, 13] ===> 
Cluster Number 1 : (t:200 300): [6, 7, 8, 10, 11, 13, 14, 16, 27, 28, 30, 31, 41, 48, 55, 58, 67, 77, 78, 80, 100, 102, 103, 106, 110, 112, 114, 120, 505, 506, 515, 518, 519, 520, 521, 522, 523, 524, 526, 527, 530, 535, 8284, 8286]
New Nodes: [6, 10, 14, 16, 27, 28, 30, 31, 41, 48, 55, 58, 67, 77, 78, 80, 100, 102, 103, 106, 110, 112, 114, 120, 505, 506, 515, 518, 519, 520, 521, 522, 523, 524, 526, 527, 530, 535, 8284, 8286]
-------------------------------
Cluster Number 1 : (t:100 200): [6, 58, 106, 519, 520, 521, 522, 523, 524, 526, 527, 530, 535, 8284, 8286] ===> 
Cluster Number 1 : (t:200 300): [6, 7, 8, 10, 11, 13, 14, 16, 27, 28, 30, 31, 41, 48, 55, 58, 67, 77, 78, 80, 100, 102, 103, 106, 110, 112, 114, 120, 505, 506, 515, 518, 519, 520, 521, 522, 523, 524, 526, 527, 530, 535, 8284, 8286]
New Nodes: [7, 8, 10, 11, 13, 14, 16, 27, 28, 30, 31, 41, 48, 55, 67, 77, 78, 80, 100, 102, 103, 110, 112, 114, 120, 505, 506, 515, 518]
-------------------------------
