80,8286
425,8286
14,8286
529,8286
151,8286
45,8286
335,8286
501,8286
488,8286
191,8286
528,8286
6,8286
100,8286
86,8286
351,8286
366,8286
472,104
487,104
10,104
89,8286
363,8286
154,104
461,104
41,104
253,104
6,104
28,104
19,104
9,104
462,104
80,104
425,104
20,104
488,104
55,104
489,104
457,104
91,104
14,104
74,7
71,7
385,7
77,7
453,7
86,7
24,7
14,7
80,7
496,7
497,7
78,7
67,7
498,7
500,321
454,321
24,321
19,321
57,321
30,321
10,321
27,321
425,321
103,54
533,54
16,54
501,321
10,1091
26,1091
13,48
10,48
138,48
73,48
453,48
454,1091
109,1091
109,48
7,48
27,48
55,514
103,514
74,514
66,514
86,514
371,514
364,514
76,48
58,48
460,514
78,514
425,514
14,48
30,48
86,1091
7,1091
429,48
439,48
10,8285
551,48
30,8285
485,8285
